0.000000
0.000000
0.000000
0.000000
0.000000
0.000000
0.000000
0.000000
0.000000
0.000000
32.000000
82.000000
118.000000
141.000000
158.000000
168.000000
177.000000
182.000000
187.000000
190.000000
193.000000
194.000000
196.000000
196.000000
197.000000
196.000000
197.000000
197.000000
197.000000
198.000000
199.000000
199.000000
200.000000
200.000000
200.000000
200.000000
200.000000
201.000000
200.000000
199.000000
199.000000
198.000000
197.000000
197.000000
199.000000
198.000000
199.000000
199.000000
199.000000
198.000000
198.000000
198.000000
197.000000
198.000000
198.000000
198.000000
200.000000
200.000000
200.000000
201.000000
201.000000
201.000000
201.000000
200.000000
201.000000
200.000000
200.000000
200.000000
200.000000
200.000000
200.000000
200.000000
199.000000
199.000000
199.000000
197.000000
198.000000
197.000000
198.000000
198.000000
198.000000
200.000000
199.000000
201.000000
200.000000
200.000000
201.000000
200.000000
200.000000
199.000000
200.000000
199.000000
200.000000
200.000000
200.000000
199.000000
198.000000
199.000000
198.000000
198.000000