0.000000
0.000000
0.000000
0.000000
0.000000
0.000000
0.000000
0.000000
0.000000
0.000000
12.000000
33.000000
53.000000
68.000000
83.000000
93.000000
103.000000
111.000000
117.000000
122.000000
126.000000
130.000000
132.000000
134.000000
135.000000
137.000000
139.000000
141.000000
142.000000
144.000000
145.000000
146.000000
147.000000
147.000000
147.000000
148.000000
147.000000
148.000000
148.000000
149.000000
148.000000
150.000000
150.000000
150.000000
152.000000
152.000000
153.000000
152.000000
154.000000
153.000000
153.000000
154.000000
153.000000
152.000000
153.000000
152.000000
151.000000
151.000000
151.000000
151.000000
151.000000
152.000000
152.000000
152.000000
152.000000
151.000000
150.000000
150.000000
149.000000
148.000000
148.000000
148.000000
148.000000
148.000000
149.000000
149.000000
151.000000
150.000000
152.000000
151.000000
153.000000
152.000000
152.000000
153.000000
153.000000
152.000000
153.000000
152.000000
152.000000
153.000000
152.000000
153.000000
152.000000
153.000000
153.000000
151.000000
151.000000
150.000000
148.000000
147.000000