0.000000
0.000000
0.000000
0.000000
0.000000
0.000000
0.000000
0.000000
0.000000
0.000000
47.000000
128.000000
188.000000
213.000000
224.000000
228.000000
230.000000
230.000000
231.000000
232.000000
232.000000
232.000000
232.000000
233.000000
232.000000
232.000000
233.000000
232.000000
232.000000
233.000000
232.000000
232.000000
233.000000
232.000000
231.000000
232.000000
230.000000
231.000000
231.000000
231.000000
231.000000
232.000000
232.000000
232.000000
232.000000
231.000000
232.000000
232.000000
232.000000
232.000000
232.000000
233.000000
232.000000
232.000000
232.000000
231.000000
230.000000
231.000000
230.000000
231.000000
232.000000
232.000000
232.000000
232.000000
232.000000
232.000000
231.000000
232.000000
232.000000
232.000000
232.000000
233.000000
232.000000
233.000000
232.000000
233.000000
232.000000
231.000000
231.000000
231.000000
231.000000
231.000000
232.000000
231.000000
232.000000
232.000000
231.000000
231.000000
232.000000
231.000000
232.000000
232.000000
233.000000
233.000000
232.000000
233.000000
232.000000
232.000000
232.000000
231.000000