0.000000
0.000000
0.000000
0.000000
0.000000
0.000000
0.000000
0.000000
0.000000
0.000000
49.000000
130.000000
195.000000
221.000000
229.000000
234.000000
234.000000
235.000000
236.000000
235.000000
236.000000
237.000000
236.000000
236.000000
236.000000
236.000000
236.000000
236.000000
236.000000
237.000000
236.000000
236.000000
236.000000
236.000000
235.000000
235.000000
234.000000
235.000000
235.000000
235.000000
236.000000
236.000000
236.000000
236.000000
236.000000
235.000000
236.000000
236.000000
236.000000
236.000000
236.000000
236.000000
236.000000
235.000000
235.000000
235.000000
235.000000
235.000000
235.000000
235.000000
236.000000
236.000000
235.000000
236.000000
235.000000
236.000000
235.000000
236.000000
236.000000
236.000000
236.000000
236.000000
236.000000
236.000000
235.000000
235.000000
234.000000
234.000000
234.000000
235.000000
235.000000
235.000000
235.000000
236.000000
235.000000
234.000000
236.000000
235.000000
236.000000
235.000000
236.000000
236.000000
236.000000
236.000000
236.000000
236.000000
235.000000
235.000000
235.000000
235.000000