0.000000
0.000000
0.000000
0.000000
0.000000
0.000000
0.000000
0.000000
0.000000
0.000000
17.000000
48.000000
73.000000
92.000000
108.000000
120.000000
130.000000
138.000000
145.000000
150.000000
154.000000
158.000000
161.000000
164.000000
167.000000
167.000000
169.000000
170.000000
171.000000
171.000000
172.000000
172.000000
172.000000
173.000000
172.000000
173.000000
173.000000
173.000000
173.000000
173.000000
173.000000
172.000000
172.000000
171.000000
170.000000
169.000000
169.000000
169.000000
169.000000
169.000000
170.000000
171.000000
171.000000
171.000000
172.000000
172.000000
172.000000
173.000000
172.000000
173.000000
172.000000
172.000000
172.000000
172.000000
172.000000
172.000000
173.000000
171.000000
172.000000
170.000000
170.000000
169.000000
169.000000
168.000000
168.000000
167.000000
168.000000
169.000000
169.000000
170.000000
171.000000
171.000000
171.000000
171.000000
171.000000
172.000000
171.000000
172.000000
171.000000
172.000000
171.000000
172.000000
173.000000
172.000000
173.000000
173.000000
172.000000
173.000000
171.000000
171.000000