0.000000
0.000000
0.000000
0.000000
0.000000
0.000000
0.000000
0.000000
0.000000
0.000000
39.000000
97.000000
134.000000
159.000000
174.000000
184.000000
191.000000
196.000000
199.000000
202.000000
205.000000
205.000000
206.000000
207.000000
207.000000
207.000000
206.000000
207.000000
207.000000
208.000000
208.000000
209.000000
209.000000
209.000000
208.000000
209.000000
208.000000
208.000000
207.000000
206.000000
207.000000
207.000000
208.000000
208.000000
207.000000
208.000000
207.000000
207.000000
207.000000
206.000000
206.000000
207.000000
207.000000
207.000000
209.000000
208.000000
209.000000
209.000000
208.000000
209.000000
208.000000
208.000000
207.000000
208.000000
207.000000
208.000000
208.000000
207.000000
208.000000
207.000000
207.000000
206.000000
206.000000
206.000000
206.000000
207.000000
207.000000
207.000000
208.000000
209.000000
208.000000
208.000000
209.000000
208.000000
208.000000
208.000000
208.000000
207.000000
207.000000
208.000000
207.000000
207.000000
207.000000
207.000000
206.000000
205.000000
206.000000
205.000000
206.000000
206.000000