0.000000
0.000000
0.000000
0.000000
0.000000
0.000000
0.000000
0.000000
0.000000
0.000000
46.000000
122.000000
168.000000
193.000000
206.000000
214.000000
218.000000
219.000000
221.000000
222.000000
222.000000
223.000000
222.000000
223.000000
222.000000
222.000000
221.000000
219.000000
220.000000
221.000000
221.000000
221.000000
222.000000
221.000000
222.000000
221.000000
221.000000
222.000000
221.000000
222.000000
222.000000
222.000000
223.000000
222.000000
223.000000
222.000000
223.000000
221.000000
222.000000
220.000000
220.000000
220.000000
221.000000
222.000000
221.000000
222.000000
221.000000
221.000000
221.000000
220.000000
221.000000
221.000000
222.000000
222.000000
222.000000
222.000000
223.000000
222.000000
223.000000
222.000000
222.000000
221.000000
222.000000
221.000000
221.000000
222.000000
221.000000
222.000000
221.000000
221.000000
220.000000
221.000000
220.000000
221.000000
221.000000
222.000000
222.000000
222.000000
222.000000
222.000000
222.000000
222.000000
221.000000
221.000000
222.000000
221.000000
222.000000
221.000000
221.000000
222.000000