0.000000
0.000000
0.000000
0.000000
0.000000
0.000000
0.000000
0.000000
0.000000
0.000000
47.000000
126.000000
180.000000
205.000000
217.000000
223.000000
226.000000
226.000000
226.000000
226.000000
226.000000
225.000000
226.000000
227.000000
227.000000
228.000000
228.000000
227.000000
228.000000
228.000000
228.000000
227.000000
228.000000
228.000000
228.000000
228.000000
228.000000
228.000000
227.000000
227.000000
225.000000
225.000000
226.000000
225.000000
227.000000
227.000000
227.000000
227.000000
226.000000
227.000000
227.000000
227.000000
227.000000
227.000000
228.000000
227.000000
228.000000
228.000000
228.000000
228.000000
228.000000
227.000000
226.000000
227.000000
226.000000
227.000000
228.000000
227.000000
228.000000
227.000000
227.000000
227.000000
227.000000
227.000000
227.000000
228.000000
228.000000
228.000000
228.000000
229.000000
228.000000
228.000000
228.000000
228.000000
227.000000
227.000000
228.000000
227.000000
228.000000
228.000000
228.000000
228.000000
228.000000
227.000000
227.000000
228.000000
228.000000
228.000000
228.000000
229.000000