0.000000
0.000000
0.000000
0.000000
0.000000
0.000000
0.000000
0.000000
0.000000
0.000000
25.000000
68.000000
100.000000
124.000000
141.000000
155.000000
164.000000
171.000000
176.000000
179.000000
182.000000
183.000000
184.000000
185.000000
186.000000
187.000000
188.000000
189.000000
190.000000
190.000000
192.000000
191.000000
192.000000
192.000000
192.000000
191.000000
191.000000
191.000000
191.000000
191.000000
190.000000
191.000000
191.000000
189.000000
190.000000
188.000000
188.000000
188.000000
188.000000
188.000000
187.000000
188.000000
188.000000
189.000000
190.000000
190.000000
190.000000
190.000000
191.000000
191.000000
191.000000
191.000000
191.000000
191.000000
191.000000
191.000000
192.000000
192.000000
192.000000
191.000000
190.000000
191.000000
189.000000
190.000000
188.000000
189.000000
188.000000
188.000000
190.000000
189.000000
191.000000
190.000000
190.000000
191.000000
191.000000
190.000000
191.000000
191.000000
191.000000
191.000000
191.000000
192.000000
192.000000
192.000000
193.000000
192.000000
191.000000
191.000000
191.000000
189.000000