0.000000
0.000000
0.000000
0.000000
0.000000
0.000000
0.000000
0.000000
0.000000
0.000000
7.000000
25.000000
41.000000
57.000000
69.000000
82.000000
91.000000
101.000000
107.000000
115.000000
119.000000
125.000000
128.000000
132.000000
135.000000
137.000000
138.000000
140.000000
141.000000
141.000000
142.000000
142.000000
142.000000
144.000000
144.000000
146.000000
146.000000
146.000000
146.000000
147.000000
147.000000
147.000000
147.000000
146.000000
147.000000
147.000000
147.000000
147.000000
148.000000
148.000000
149.000000
150.000000
150.000000
150.000000
150.000000
151.000000
150.000000
150.000000
151.000000
150.000000
149.000000
149.000000
148.000000
148.000000
147.000000
147.000000
147.000000
148.000000
148.000000
148.000000
149.000000
148.000000
148.000000
148.000000
148.000000
147.000000
146.000000
147.000000
147.000000
147.000000
147.000000
148.000000
148.000000
149.000000
150.000000
150.000000
150.000000
150.000000
151.000000
150.000000
151.000000
150.000000
150.000000
149.000000
149.000000
149.000000
148.000000
148.000000
148.000000
148.000000