0.000000
0.000000
0.000000
0.000000
0.000000
0.000000
0.000000
0.000000
0.000000
0.000000
22.000000
59.000000
87.000000
109.000000
125.000000
139.000000
149.000000
157.000000
162.000000
165.000000
169.000000
169.000000
171.000000
172.000000
172.000000
174.000000
174.000000
176.000000
177.000000
178.000000
179.000000
180.000000
180.000000
181.000000
181.000000
181.000000
182.000000
181.000000
181.000000
182.000000
182.000000
181.000000
182.000000
183.000000
182.000000
183.000000
182.000000
182.000000
181.000000
180.000000
180.000000
179.000000
178.000000
178.000000
179.000000
178.000000
180.000000
180.000000
180.000000
180.000000
180.000000
181.000000
180.000000
181.000000
181.000000
181.000000
181.000000
181.000000
182.000000
182.000000
183.000000
182.000000
183.000000
182.000000
183.000000
182.000000
181.000000
180.000000
180.000000
180.000000
179.000000
179.000000
180.000000
180.000000
180.000000
180.000000
181.000000
180.000000
180.000000
181.000000
180.000000
180.000000
180.000000
180.000000
181.000000
182.000000
181.000000
182.000000
183.000000
182.000000