0.000000
0.000000
0.000000
0.000000
0.000000
0.000000
0.000000
0.000000
0.000000
0.000000
12.000000
39.000000
61.000000
79.000000
94.000000
106.000000
116.000000
126.000000
131.000000
138.000000
143.000000
146.000000
150.000000
152.000000
155.000000
156.000000
157.000000
158.000000
159.000000
158.000000
159.000000
158.000000
157.000000
157.000000
157.000000
158.000000
158.000000
160.000000
159.000000
159.000000
159.000000
160.000000
158.000000
159.000000
158.000000
159.000000
158.000000
159.000000
159.000000
160.000000
160.000000
161.000000
162.000000
162.000000
162.000000
162.000000
163.000000
162.000000
162.000000
162.000000
161.000000
161.000000
161.000000
160.000000
159.000000
160.000000
160.000000
160.000000
160.000000
160.000000
161.000000
160.000000
160.000000
159.000000
159.000000
158.000000
158.000000
158.000000
158.000000
159.000000
159.000000
160.000000
160.000000
161.000000
162.000000
161.000000
162.000000
162.000000
163.000000
162.000000
162.000000
161.000000
162.000000
162.000000
162.000000
162.000000
162.000000
162.000000
162.000000
162.000000