0.000000
0.000000
0.000000
0.000000
0.000000
0.000000
0.000000
0.000000
0.000000
0.000000
49.000000
131.000000
193.000000
219.000000
230.000000
233.000000
234.000000
234.000000
235.000000
233.000000
233.000000
233.000000
233.000000
233.000000
234.000000
234.000000
234.000000
235.000000
234.000000
234.000000
235.000000
234.000000
235.000000
234.000000
236.000000
235.000000
235.000000
235.000000
235.000000
234.000000
234.000000
233.000000
233.000000
234.000000
234.000000
234.000000
234.000000
234.000000
234.000000
235.000000
234.000000
233.000000
235.000000
234.000000
235.000000
234.000000
235.000000
235.000000
235.000000
235.000000
235.000000
234.000000
234.000000
234.000000
233.000000
234.000000
234.000000
233.000000
234.000000
232.000000
233.000000
234.000000
233.000000
234.000000
234.000000
235.000000
234.000000
235.000000
235.000000
235.000000
234.000000
235.000000
235.000000
234.000000
234.000000
235.000000
234.000000
235.000000
234.000000
234.000000
234.000000
234.000000
234.000000
233.000000
234.000000
233.000000
235.000000
235.000000
234.000000
235.000000