0.000000
0.000000
0.000000
0.000000
0.000000
0.000000
0.000000
0.000000
0.000000
0.000000
8.000000
24.000000
40.000000
55.000000
68.000000
80.000000
89.000000
98.000000
106.000000
112.000000
118.000000
123.000000
127.000000
131.000000
133.000000
136.000000
138.000000
138.000000
140.000000
139.000000
140.000000
140.000000
140.000000
140.000000
141.000000
141.000000
143.000000
142.000000
144.000000
145.000000
146.000000
146.000000
147.000000
148.000000
147.000000
148.000000
149.000000
148.000000
149.000000
149.000000
149.000000
148.000000
150.000000
149.000000
150.000000
151.000000
150.000000
151.000000
151.000000
151.000000
151.000000
150.000000
149.000000
149.000000
147.000000
147.000000
147.000000
146.000000
146.000000
145.000000
146.000000
146.000000
147.000000
147.000000
148.000000
148.000000
148.000000
148.000000
149.000000
149.000000
148.000000
149.000000
148.000000
149.000000
150.000000
150.000000
150.000000
150.000000
151.000000
151.000000
152.000000
151.000000
152.000000
151.000000
151.000000
151.000000
150.000000
149.000000
148.000000
147.000000