0.000000
0.000000
0.000000
0.000000
0.000000
0.000000
0.000000
0.000000
0.000000
0.000000
43.000000
110.000000
150.000000
175.000000
191.000000
201.000000
207.000000
211.000000
213.000000
214.000000
214.000000
215.000000
214.000000
215.000000
215.000000
215.000000
216.000000
215.000000
217.000000
216.000000
217.000000
216.000000
217.000000
216.000000
216.000000
215.000000
214.000000
215.000000
214.000000
215.000000
216.000000
215.000000
215.000000
215.000000
214.000000
214.000000
214.000000
214.000000
215.000000
215.000000
215.000000
216.000000
216.000000
217.000000
216.000000
216.000000
217.000000
215.000000
215.000000
215.000000
215.000000
215.000000
215.000000
215.000000
214.000000
215.000000
215.000000
214.000000
214.000000
214.000000
213.000000
214.000000
214.000000
215.000000
215.000000
216.000000
216.000000
216.000000
216.000000
215.000000
215.000000
216.000000
215.000000
215.000000
216.000000
216.000000
215.000000
215.000000
215.000000
215.000000
213.000000
214.000000
213.000000
214.000000
213.000000
215.000000
214.000000
215.000000
216.000000
215.000000