0.000000
0.000000
0.000000
0.000000
0.000000
0.000000
0.000000
0.000000
0.000000
0.000000
9.000000
30.000000
48.000000
64.000000
77.000000
89.000000
99.000000
107.000000
114.000000
121.000000
125.000000
130.000000
134.000000
137.000000
140.000000
142.000000
145.000000
146.000000
148.000000
149.000000
150.000000
151.000000
152.000000
152.000000
153.000000
154.000000
154.000000
154.000000
155.000000
154.000000
156.000000
155.000000
155.000000
156.000000
155.000000
156.000000
156.000000
156.000000
156.000000
156.000000
156.000000
157.000000
156.000000
156.000000
157.000000
156.000000
157.000000
156.000000
157.000000
156.000000
157.000000
156.000000
157.000000
156.000000
156.000000
157.000000
156.000000
156.000000
157.000000
156.000000
156.000000
157.000000
156.000000
156.000000
157.000000
156.000000
156.000000
157.000000
156.000000
156.000000
157.000000
156.000000
156.000000
156.000000
157.000000
156.000000
156.000000
157.000000
156.000000
157.000000
157.000000
156.000000
157.000000
156.000000
157.000000
157.000000
157.000000
156.000000
157.000000
157.000000