0.000000
0.000000
0.000000
0.000000
0.000000
0.000000
0.000000
0.000000
0.000000
0.000000
18.000000
50.000000
77.000000
98.000000
115.000000
128.000000
138.000000
148.000000
154.000000
159.000000
163.000000
167.000000
170.000000
172.000000
173.000000
175.000000
177.000000
177.000000
178.000000
179.000000
179.000000
179.000000
180.000000
180.000000
180.000000
181.000000
181.000000
180.000000
181.000000
181.000000
181.000000
181.000000
181.000000
181.000000
181.000000
180.000000
181.000000
181.000000
181.000000
181.000000
181.000000
181.000000
181.000000
181.000000
181.000000
181.000000
181.000000
181.000000
181.000000
180.000000
181.000000
181.000000
181.000000
181.000000
181.000000
181.000000
181.000000
181.000000
180.000000
181.000000
181.000000
181.000000
181.000000
181.000000
180.000000
181.000000
181.000000
181.000000
180.000000
181.000000
181.000000
181.000000
180.000000
181.000000
181.000000
181.000000
180.000000
181.000000
180.000000
181.000000
181.000000
180.000000
181.000000
180.000000
181.000000
180.000000
181.000000
181.000000
180.000000
181.000000