0.000000
0.000000
0.000000
0.000000
0.000000
0.000000
0.000000
0.000000
0.000000
0.000000
32.000000
87.000000
126.000000
152.000000
171.000000
184.000000
194.000000
201.000000
205.000000
208.000000
211.000000
212.000000
213.000000
214.000000
215.000000
215.000000
215.000000
215.000000
216.000000
216.000000
215.000000
216.000000
216.000000
216.000000
216.000000
216.000000
215.000000
216.000000
216.000000
216.000000
216.000000
215.000000
216.000000
216.000000
216.000000
216.000000
216.000000
215.000000
216.000000
216.000000
216.000000
216.000000
216.000000
215.000000
216.000000
216.000000
216.000000
216.000000
215.000000
216.000000
216.000000
216.000000
216.000000
216.000000
216.000000
215.000000
216.000000
216.000000
216.000000
216.000000
216.000000
216.000000
216.000000
216.000000
216.000000
215.000000
216.000000
216.000000
216.000000
216.000000
216.000000
216.000000
216.000000
216.000000
216.000000
216.000000
216.000000
216.000000
216.000000
216.000000
216.000000
216.000000
216.000000
216.000000
216.000000
216.000000
215.000000
216.000000
216.000000
216.000000