0.000000
0.000000
0.000000
0.000000
0.000000
0.000000
0.000000
0.000000
0.000000
0.000000
46.000000
120.000000
165.000000
193.000000
209.000000
220.000000
226.000000
230.000000
231.000000
233.000000
234.000000
234.000000
235.000000
234.000000
235.000000
235.000000
235.000000
235.000000
235.000000
235.000000
235.000000
235.000000
235.000000
235.000000
235.000000
236.000000
235.000000
235.000000
235.000000
235.000000
235.000000
235.000000
235.000000
235.000000
235.000000
234.000000
235.000000
235.000000
235.000000
235.000000
235.000000
235.000000
235.000000
235.000000
234.000000
235.000000
235.000000
235.000000
235.000000
235.000000
235.000000
235.000000
235.000000
235.000000
235.000000
234.000000
235.000000
235.000000
235.000000
235.000000
234.000000
235.000000
235.000000
235.000000
234.000000
235.000000
235.000000
235.000000
235.000000
235.000000
235.000000
234.000000
235.000000
235.000000
235.000000
235.000000
234.000000
235.000000
235.000000
235.000000
235.000000
235.000000
234.000000
235.000000
235.000000
235.000000
234.000000
235.000000
235.000000
234.000000