0.000000
0.000000
0.000000
0.000000
0.000000
0.000000
0.000000
0.000000
0.000000
0.000000
24.000000
63.000000
93.000000
115.000000
133.000000
147.000000
157.000000
166.000000
172.000000
176.000000
180.000000
183.000000
185.000000
187.000000
188.000000
190.000000
190.000000
191.000000
191.000000
192.000000
192.000000
192.000000
192.000000
193.000000
193.000000
193.000000
192.000000
193.000000
193.000000
193.000000
193.000000
193.000000
193.000000
193.000000
193.000000
193.000000
193.000000
192.000000
193.000000
193.000000
193.000000
193.000000
193.000000
193.000000
193.000000
193.000000
193.000000
193.000000
193.000000
193.000000
194.000000
193.000000
193.000000
193.000000
193.000000
193.000000
193.000000
193.000000
193.000000
193.000000
193.000000
193.000000
193.000000
193.000000
193.000000
193.000000
193.000000
193.000000
193.000000
193.000000
193.000000
193.000000
193.000000
193.000000
192.000000
193.000000
193.000000
193.000000
193.000000
193.000000
193.000000
193.000000
193.000000
193.000000
193.000000
193.000000
193.000000
193.000000
193.000000
193.000000