0.000000
0.000000
0.000000
0.000000
0.000000
0.000000
0.000000
0.000000
0.000000
0.000000
50.000000
136.000000
209.000000
240.000000
253.000000
258.000000
259.000000
260.000000
260.000000
261.000000
260.000000
260.000000
261.000000
260.000000
261.000000
260.000000
261.000000
260.000000
261.000000
260.000000
261.000000
260.000000
261.000000
260.000000
261.000000
260.000000
260.000000
261.000000
260.000000
260.000000
261.000000
260.000000
260.000000
261.000000
260.000000
261.000000
260.000000
260.000000
261.000000
260.000000
260.000000
261.000000
260.000000
260.000000
261.000000
260.000000
260.000000
261.000000
260.000000
261.000000
260.000000
261.000000
260.000000
260.000000
261.000000
260.000000
260.000000
261.000000
260.000000
260.000000
260.000000
261.000000
260.000000
260.000000
260.000000
260.000000
261.000000
260.000000
260.000000
261.000000
260.000000
261.000000
260.000000
260.000000
260.000000
261.000000
260.000000
260.000000
261.000000
260.000000
260.000000
260.000000
261.000000
260.000000
260.000000
261.000000
260.000000
260.000000
261.000000
260.000000