0.000000
0.000000
0.000000
0.000000
0.000000
0.000000
0.000000
0.000000
0.000000
0.000000
51.000000
136.000000
209.000000
241.000000
253.000000
258.000000
260.000000
260.000000
261.000000
261.000000
261.000000
261.000000
260.000000
261.000000
261.000000
262.000000
261.000000
261.000000
261.000000
261.000000
261.000000
261.000000
261.000000
261.000000
261.000000
261.000000
261.000000
261.000000
261.000000
261.000000
261.000000
261.000000
261.000000
261.000000
261.000000
261.000000
262.000000
261.000000
261.000000
261.000000
261.000000
261.000000
261.000000
261.000000
261.000000
261.000000
261.000000
261.000000
261.000000
261.000000
261.000000
261.000000
261.000000
261.000000
261.000000
262.000000
261.000000
261.000000
261.000000
261.000000
261.000000
261.000000
261.000000
261.000000
261.000000
261.000000
261.000000
260.000000
261.000000
261.000000
261.000000
261.000000
260.000000
261.000000
261.000000
261.000000
260.000000
261.000000
261.000000
260.000000
261.000000
261.000000
260.000000
261.000000
261.000000
261.000000
260.000000
261.000000
261.000000
261.000000