0.000000
0.000000
0.000000
0.000000
0.000000
0.000000
0.000000
0.000000
0.000000
0.000000
15.000000
41.000000
63.000000
82.000000
96.000000
110.000000
120.000000
129.000000
136.000000
141.000000
146.000000
150.000000
154.000000
156.000000
158.000000
160.000000
161.000000
162.000000
164.000000
164.000000
165.000000
166.000000
166.000000
167.000000
167.000000
167.000000
168.000000
168.000000
168.000000
168.000000
168.000000
168.000000
169.000000
168.000000
169.000000
168.000000
168.000000
169.000000
168.000000
169.000000
169.000000
168.000000
169.000000
169.000000
169.000000
168.000000
169.000000
169.000000
169.000000
169.000000
168.000000
169.000000
169.000000
169.000000
168.000000
169.000000
169.000000
169.000000
169.000000
169.000000
169.000000
169.000000
169.000000
169.000000
169.000000
169.000000
169.000000
169.000000
169.000000
169.000000
169.000000
169.000000
169.000000
169.000000
169.000000
168.000000
169.000000
169.000000
169.000000
168.000000
169.000000
169.000000
169.000000
168.000000
169.000000
169.000000
169.000000
168.000000
169.000000
169.000000