0.000000
0.000000
0.000000
0.000000
0.000000
0.000000
0.000000
0.000000
0.000000
0.000000
49.000000
136.000000
201.000000
232.000000
245.000000
250.000000
253.000000
253.000000
254.000000
253.000000
254.000000
254.000000
254.000000
254.000000
255.000000
254.000000
254.000000
254.000000
254.000000
253.000000
254.000000
254.000000
254.000000
254.000000
254.000000
254.000000
254.000000
254.000000
253.000000
254.000000
254.000000
254.000000
253.000000
254.000000
253.000000
254.000000
253.000000
254.000000
253.000000
254.000000
253.000000
254.000000
253.000000
254.000000
254.000000
254.000000
253.000000
254.000000
254.000000
254.000000
254.000000
254.000000
254.000000
254.000000
254.000000
254.000000
255.000000
254.000000
254.000000
254.000000
254.000000
255.000000
254.000000
254.000000
254.000000
255.000000
254.000000
254.000000
255.000000
254.000000
254.000000
254.000000
254.000000
255.000000
254.000000
254.000000
254.000000
255.000000
254.000000
254.000000
254.000000
255.000000
254.000000
254.000000
254.000000
255.000000
254.000000
254.000000
254.000000
255.000000