0.000000
0.000000
0.000000
0.000000
0.000000
0.000000
0.000000
0.000000
0.000000
0.000000
46.000000
128.000000
180.000000
209.000000
224.000000
233.000000
237.000000
241.000000
241.000000
242.000000
243.000000
243.000000
243.000000
243.000000
243.000000
243.000000
243.000000
243.000000
243.000000
243.000000
243.000000
243.000000
243.000000
242.000000
243.000000
243.000000
243.000000
243.000000
243.000000
243.000000
243.000000
243.000000
243.000000
243.000000
243.000000
243.000000
242.000000
243.000000
243.000000
243.000000
243.000000
242.000000
243.000000
243.000000
242.000000
243.000000
243.000000
242.000000
243.000000
243.000000
243.000000
242.000000
243.000000
243.000000
242.000000
243.000000
243.000000
243.000000
242.000000
243.000000
243.000000
242.000000
243.000000
243.000000
243.000000
242.000000
243.000000
243.000000
242.000000
243.000000
243.000000
243.000000
242.000000
243.000000
243.000000
242.000000
243.000000
243.000000
242.000000
243.000000
243.000000
242.000000
243.000000
243.000000
242.000000
243.000000
243.000000
242.000000
243.000000
243.000000