0.000000
0.000000
0.000000
0.000000
0.000000
0.000000
0.000000
0.000000
0.000000
0.000000
48.000000
134.000000
194.000000
222.000000
237.000000
244.000000
248.000000
249.000000
250.000000
249.000000
251.000000
250.000000
250.000000
251.000000
250.000000
250.000000
251.000000
250.000000
250.000000
251.000000
250.000000
250.000000
251.000000
250.000000
250.000000
250.000000
250.000000
251.000000
250.000000
250.000000
250.000000
250.000000
251.000000
250.000000
250.000000
250.000000
250.000000
250.000000
250.000000
249.000000
250.000000
250.000000
249.000000
250.000000
250.000000
250.000000
250.000000
249.000000
250.000000
250.000000
250.000000
250.000000
249.000000
250.000000
250.000000
250.000000
250.000000
249.000000
250.000000
250.000000
249.000000
250.000000
250.000000
249.000000
250.000000
250.000000
250.000000
249.000000
250.000000
250.000000
249.000000
250.000000
249.000000
249.000000
250.000000
249.000000
249.000000
249.000000
250.000000
249.000000
249.000000
249.000000
249.000000
249.000000
249.000000
249.000000
249.000000
249.000000
249.000000
249.000000