0.000000
0.000000
0.000000
0.000000
0.000000
0.000000
0.000000
0.000000
0.000000
0.000000
50.000000
136.000000
207.000000
239.000000
250.000000
255.000000
257.000000
258.000000
258.000000
258.000000
259.000000
258.000000
259.000000
258.000000
259.000000
259.000000
258.000000
259.000000
258.000000
259.000000
259.000000
258.000000
258.000000
259.000000
258.000000
258.000000
259.000000
258.000000
258.000000
258.000000
258.000000
258.000000
259.000000
258.000000
258.000000
258.000000
258.000000
258.000000
259.000000
258.000000
258.000000
257.000000
257.000000
257.000000
256.000000
257.000000
257.000000
258.000000
257.000000
257.000000
257.000000
257.000000
258.000000
257.000000
258.000000
258.000000
257.000000
258.000000
258.000000
258.000000
258.000000
258.000000
258.000000
258.000000
258.000000
258.000000
259.000000
258.000000
258.000000
258.000000
257.000000
257.000000
257.000000
258.000000
257.000000
258.000000
257.000000
258.000000
257.000000
258.000000
257.000000
257.000000
257.000000
258.000000
257.000000
257.000000
258.000000
257.000000
258.000000
257.000000