0.000000
0.000000
0.000000
0.000000
0.000000
0.000000
0.000000
0.000000
0.000000
0.000000
49.000000
135.000000
207.000000
240.000000
253.000000
257.000000
259.000000
259.000000
260.000000
260.000000
260.000000
259.000000
259.000000
260.000000
259.000000
259.000000
260.000000
259.000000
259.000000
260.000000
259.000000
259.000000
260.000000
259.000000
259.000000
260.000000
259.000000
260.000000
259.000000
260.000000
259.000000
260.000000
259.000000
259.000000
260.000000
259.000000
259.000000
260.000000
259.000000
259.000000
259.000000
260.000000
259.000000
260.000000
259.000000
259.000000
260.000000
259.000000
260.000000
259.000000
259.000000
260.000000
260.000000
259.000000
260.000000
259.000000
260.000000
259.000000
260.000000
260.000000
259.000000
260.000000
260.000000
259.000000
260.000000
260.000000
260.000000
260.000000
259.000000
260.000000
260.000000
260.000000
259.000000
260.000000
260.000000
259.000000
260.000000
260.000000
259.000000
260.000000
260.000000
260.000000
259.000000
260.000000
260.000000
260.000000
259.000000
260.000000
260.000000
260.000000