0.000000
0.000000
0.000000
0.000000
0.000000
0.000000
0.000000
0.000000
0.000000
0.000000
41.000000
105.000000
147.000000
174.000000
192.000000
203.000000
212.000000
217.000000
220.000000
222.000000
224.000000
224.000000
225.000000
226.000000
226.000000
225.000000
226.000000
226.000000
226.000000
227.000000
226.000000
226.000000
226.000000
226.000000
227.000000
226.000000
226.000000
226.000000
226.000000
226.000000
226.000000
226.000000
226.000000
226.000000
226.000000
226.000000
226.000000
226.000000
226.000000
226.000000
226.000000
226.000000
226.000000
225.000000
226.000000
226.000000
226.000000
226.000000
226.000000
226.000000
226.000000
225.000000
226.000000
226.000000
226.000000
226.000000
226.000000
226.000000
226.000000
226.000000
226.000000
226.000000
225.000000
226.000000
226.000000
226.000000
226.000000
226.000000
226.000000
226.000000
226.000000
226.000000
226.000000
226.000000
226.000000
226.000000
226.000000
227.000000
226.000000
226.000000
226.000000
226.000000
226.000000
226.000000
226.000000
226.000000
226.000000
226.000000
226.000000
226.000000