0.000000
0.000000
0.000000
0.000000
0.000000
0.000000
0.000000
0.000000
0.000000
0.000000
28.000000
74.000000
108.000000
133.000000
151.000000
166.000000
176.000000
183.000000
189.000000
193.000000
196.000000
198.000000
200.000000
201.000000
202.000000
203.000000
203.000000
204.000000
204.000000
204.000000
204.000000
205.000000
204.000000
205.000000
204.000000
205.000000
205.000000
205.000000
205.000000
204.000000
205.000000
205.000000
205.000000
205.000000
205.000000
204.000000
205.000000
205.000000
205.000000
205.000000
204.000000
205.000000
205.000000
204.000000
205.000000
205.000000
204.000000
205.000000
204.000000
205.000000
205.000000
204.000000
205.000000
205.000000
205.000000
204.000000
205.000000
205.000000
205.000000
205.000000
204.000000
205.000000
205.000000
205.000000
205.000000
204.000000
205.000000
205.000000
205.000000
204.000000
205.000000
205.000000
205.000000
204.000000
205.000000
205.000000
204.000000
205.000000
205.000000
204.000000
205.000000
205.000000
204.000000
205.000000
205.000000
204.000000
205.000000
205.000000
204.000000
205.000000