0.243011
0.229032
0.223656
0.223656
0.226882
0.235484
0.246237
0.260215
0.275269
0.293548
0.311828
0.330108
0.346237
0.358065
0.364516
0.367742
0.365591
0.362366
0.356989
0.348387
0.338710
0.326882
0.316129
0.304301
0.293548
0.279570
0.266667
0.251613
0.238710
0.230108
0.224731
0.223656
0.225806
0.231183
0.238710
0.249462
0.263441
0.278495
0.294624
0.309677
0.323656
0.336559
0.347312
0.355914
0.361290
0.364516
0.364516
0.365591
0.360215
0.353763
0.347312
0.337634
0.330108
0.318280
0.308602
0.293548
0.281720
0.268817
0.253763
0.241935
0.231183
0.226882
0.223656
0.222581
0.224731
0.231183
0.239785
0.250538
0.262366
0.274194
0.286022
0.296774
0.307527
0.320430
0.332258
0.344086
0.354839
0.362366
0.365591
0.365591
0.367742
0.365591
0.362366
0.359140
0.349462
0.341936
0.329032
0.316129
0.302151
0.286022
0.274194
0.262366
0.253763
0.244086
0.237634
0.230108
0.225806
0.223656
0.223656
0.227957
0.232258
0.237634
0.244086
0.251613
0.260215
0.269892
0.281720
0.293548
0.305376
0.316129
0.327957
0.338710
0.348387
0.356989
0.363441
0.365591
0.364516
0.361290
0.353763
0.345161
0.336559
0.323656
0.307527
0.292473
0.274194
0.259140
0.244086
0.231183
0.224731
0.223656
0.226882
0.235484
0.247312
0.258065
0.273118
0.286022
0.303226
0.320430
0.337634
0.350538
0.359140
0.363441
0.366667
0.364516
0.360215
0.352688
0.340860
0.329032
0.318280
0.308602
0.298925
0.289247
0.279570
0.267742
0.253763
0.240860
0.232258
0.226882
0.223656
0.223656
0.223656
0.226882
0.232258
0.238710
0.248387
0.256989
0.266667
0.274194
0.280645
0.289247
0.298925
0.310753
0.322581
0.334409
0.345161
0.354839
0.360215
0.364516
0.366667
0.363441
0.358065
0.350538
0.340860
0.331183
0.320430
0.307527
0.295699
0.283871
0.267742
0.255914
0.244086
0.234409
0.227957
0.223656
0.223656
0.223656
0.227957
0.234409
0.239785
0.247312
0.256989
0.268817
0.282796
0.297849
0.313978
0.327957
0.339785
0.349462
0.356989
0.362366
0.366667
0.366667
0.365591
0.360215
0.353763
0.346237
0.337634
0.330108
0.320430
0.309677
0.301075
0.294624
0.291398
0.284946
0.280645
0.275269
0.268817
0.261290
0.254839
0.250538
0.245161
0.240860
0.236559
0.233333
0.229032
0.226882
0.224731
0.224731
0.223656
0.222581
0.223656
0.226882
0.230108
0.234409
0.239785
0.244086
0.248387
0.253763
0.260215
0.269892
0.292473
0.305376
0.316129
0.326882
0.335484
0.343011
0.351613
0.358065
0.361290
0.364516
0.365591
0.365591
0.361290
0.358065
0.351613
0.343011
0.335484
0.324731
0.311828
0.298925
0.287097
0.274194
0.263441
0.251613
0.240860
0.229032
0.224731
0.223656
0.225806
0.233333
0.243011
0.254839
0.266667
0.279570
0.291398
0.304301
0.317204
0.331183
0.344086
0.355914
0.362366
0.365591
0.364516
0.361290
0.353763
0.346237
0.338710
0.331183
0.322581
0.316129
0.307527
0.300000
0.291398
0.283871
0.277419
0.272043
0.264516
0.258065
0.251613
0.246237
0.241935
0.237634
0.232258
0.229032
0.226882
0.223656
0.222581
0.222581
0.223656
0.225806
0.227957
0.232258
0.236559
0.241935
0.248387
0.256989
0.266667
0.276344
0.286022
0.295699
0.305376
0.315054
0.323656
0.331183
0.339785
0.348387
0.355914
0.360215
0.363441
0.364516
0.365591
0.365591
0.365591
0.360215
0.354839
0.348387
0.340860
0.331183
0.323656
0.312903
0.301075
0.288172
0.274194
0.258065
0.244086
0.232258
0.225806
0.222581
0.222581
0.226882
0.233333
0.243011
0.252688
0.264516
0.276344
0.288172
0.302151
0.315054
0.327957
0.340860
0.351613
0.359140
0.363441
0.365591
0.365591
0.362366
0.353763
0.341936
0.331183
0.317204
0.303226
0.290323
0.277419
0.261290
0.245161
0.234409
0.226882
0.223656
0.222581
0.223656
0.226882
0.232258
0.237634
0.245161
0.254839
0.261290
0.267742
0.275269
0.281720
0.290323
0.298925
0.308602
0.316129
0.322581
0.331183
0.338710
0.346237
0.353763
0.358065
0.362366
0.364516
0.365591
0.364516
0.363441
0.363441
0.359140
0.354839
0.350538
0.345161
0.339785
0.332258
0.324731
0.318280
0.309677
0.303226
0.295699
0.289247
0.282796
0.272043
0.267742
0.261290
0.255914
0.248387
0.239785
0.231183
0.227957
0.223656
0.222581
0.222581
0.224731
0.226882
0.232258
0.238710
0.245161
0.253763
0.264516
0.275269
0.287097
0.295699
0.304301
0.315054
0.324731
0.335484
0.344086
0.352688
0.359140
0.363441
0.364516
0.366667
0.366667
0.362366
0.356989
0.350538
0.344086
0.337634
0.326882
0.316129
0.305376
0.291398
0.277419
0.261290
0.248387
0.236559
0.229032
0.225806
0.222581
0.224731
0.230108
0.237634
0.245161
0.254839
0.265591
0.277419
0.291398
0.304301
0.319355
0.332258
0.343011
0.350538
0.358065
0.362366
0.364516
0.364516
0.362366
0.356989
0.349462
0.338710
0.326882
0.312903
0.297849
0.269892
0.255914
0.245161
0.236559
0.226882
0.223656
0.221505
0.224731
0.232258
0.241935
0.252688
0.263441
0.274194
0.284946
0.294624
0.305376
0.317204
0.330108
0.340860
0.350538
0.356989
0.361290
0.364516
0.366667
0.365591
0.364516
0.361290
0.358065
0.352688
0.348387
0.345161
0.340860
0.339785
0.335484
0.332258
0.329032
0.322581
0.318280
0.313978
0.308602
0.304301
0.300000
0.294624
0.289247
0.279570
0.273118
0.264516
0.259140
0.250538
0.246237
0.239785
0.234409
0.229032
0.224731
0.222581
0.222581
0.225806
0.230108
0.236559
0.241935
0.247312
0.253763
0.261290
0.270968
0.281720
0.292473
0.301075
0.310753
0.317204
0.323656
0.330108
0.337634
0.343011
0.349462
0.353763
0.359140
0.361290
0.362366
0.364516
0.363441
0.364516
0.364516
0.365591
0.363441
0.363441
0.362366
0.362366
0.362366
0.360215
0.360215
0.358065
0.356989
0.354839
0.353763
0.350538
0.348387
0.346237
0.344086
0.339785
0.338710
0.336559
0.331183
0.331183
0.327957
0.324731
0.321505
0.318280
0.315054
0.310753
0.306452
0.298925
0.294624
0.288172
0.283871
0.276344
0.273118
0.267742
0.258065
0.250538
0.246237
0.240860
0.237634
0.234409
0.231183
0.229032
0.226882
0.225806
0.223656
0.224731
0.223656
0.223656
0.222581
0.221505
0.221505
0.221505
0.222581
0.224731
0.225806
0.226882
0.226882
0.229032
0.230108
0.233333
0.235484
0.239785
0.244086
0.247312
0.251613
0.255914
0.259140
0.264516
0.269892
0.276344
0.283871
0.290323
0.296774
0.304301
0.311828
0.319355
0.329032
0.336559
0.347312
0.354839
0.360215
0.364516
0.366667
0.365591
0.362366
0.358065
0.351613
0.343011
0.335484
0.326882
0.319355
0.309677
0.302151
0.293548
0.286022
0.276344
0.267742
0.259140
0.251613
0.244086
0.239785
0.233333
0.231183
0.227957
0.224731
0.223656
0.221505
0.221505
0.223656
0.224731
0.227957
0.232258
0.238710
0.243011
0.251613
0.256989
0.265591
0.274194
0.281720
0.289247
0.295699
0.301075
0.309677
0.316129
0.322581
0.329032
0.335484
0.341936
0.347312
0.352688
0.356989
0.360215
0.363441
0.365591
0.364516
0.366667
0.365591
0.364516
0.362366
0.360215
0.355914
0.352688
0.347312
0.341936
0.337634
0.334409
0.329032
0.325806
0.318280
0.311828
0.307527
0.298925
0.295699
0.290323
0.286022
0.281720
0.275269
0.274194
0.268817
0.264516
0.263441
0.256989
0.253763
0.250538
0.247312
0.245161
0.240860
0.232258
0.226882
0.223656
0.222581
0.222581
0.221505
0.222581
0.223656
0.225806
0.227957
0.230108
0.233333
0.237634
0.243011
0.249462
0.254839
0.260215
0.264516
0.269892
0.275269
0.279570
0.284946
0.289247
0.295699
0.300000
0.306452
0.311828
0.317204
0.322581
0.327957
0.331183
0.335484
0.338710
0.341936
0.347312
0.351613
0.355914
0.355914
0.359140
0.362366
0.364516
0.365591
0.366667
0.365591
0.364516
0.361290
0.358065
0.353763
0.351613
0.345161
0.338710
0.330108
0.322581
0.311828
0.297849
0.283871
0.268817
0.251613
0.240860
0.231183
0.223656
0.222581
0.224731
0.230108
0.238710
0.249462
0.263441
0.277419
0.293548
0.306452
0.319355
0.333333
0.343011
0.350538
0.359140
0.362366
0.364516
0.364516
0.363441
0.359140
0.352688
0.347312
0.338710
0.329032
0.318280
0.306452
0.295699
0.282796
0.275269
0.264516
0.254839
0.247312
0.238710
0.231183
0.226882
0.223656
0.222581
0.221505
0.222581
0.223656
0.225806
0.230108
0.235484
0.240860
0.247312
0.253763
0.260215
0.267742
0.276344
0.287097
0.297849
0.310753
0.323656
0.334409
0.344086
0.350538
0.355914
0.361290
0.363441
0.365591
0.363441
0.361290
0.354839
0.347312
0.338710
0.330108
0.319355
0.307527
0.297849
0.288172
0.275269
0.263441
0.250538
0.241935
0.233333
0.225806
0.222581
0.223656
0.225806
0.231183
0.238710
0.249462
0.262366
0.277419
0.292473
0.307527
0.323656
0.339785
0.352688
0.361290
0.364516
0.363441
0.360215
0.352688
0.344086
0.332258
0.320430
0.306452
0.292473
0.275269
0.256989
0.239785
0.227957
0.222581
0.222581
0.225806
0.234409
0.246237
0.261290
0.280645
0.302151
0.322581
0.340860
0.353763
0.362366
0.365591
0.363441
0.353763
0.337634
0.322581
0.305376
0.287097
0.264516
0.246237
0.231183
0.223656
0.222581
0.227957
0.236559
0.249462
0.262366
0.277419
0.293548
0.308602
0.323656
0.337634
0.350538
0.360215
0.364516
0.366667
0.362366
0.354839
0.343011
0.331183
0.318280
0.303226
0.287097
0.270968
0.256989
0.245161
0.235484
0.226882
0.222581
0.221505
0.225806
0.231183
0.239785
0.248387
0.260215
0.273118
0.287097
0.301075
0.315054
0.330108
0.341936
0.352688
0.360215
0.364516
0.366667
0.366667
0.362366
0.356989
0.349462
0.339785
0.330108
0.320430
0.308602
0.297849
0.283871
0.268817
0.254839
0.245161
0.234409
0.227957
0.223656
0.222581
0.224731
0.227957
0.236559
0.246237
