0.016129
0.013978
0.011828
0.023656
0.021505
0.020430
0.030108
0.033333
0.024731
0.022581
0.018280
0.020430
0.019355
0.017204
0.015054
0.005376
0.005376
0.007527
0.000000
0.006452
0.005376
0.009677
0.010753
0.012903
0.012903
0.012903
0.006452
0.013978
0.009677
0.015054
0.015054
0.012903
0.015054
0.002151
0.005376
0.008602
0.005376
0.021505
0.018280
0.020430
0.018280
0.027957
0.017204
0.016129
0.017204
0.018280
0.020430
0.019355
0.020430
0.023656
0.019355
0.020430
0.020430
0.016129
0.012903
0.012903
0.013978
0.013978
0.015054
0.002151
0.012903
0.010753
0.010753
0.007527
0.008602
0.007527
0.009677
0.009677
0.009677
0.010753
0.010753
0.011828
0.013978
0.013978
0.013978
0.015054
0.012903
0.013978
0.016129
0.013978
0.011828
0.010753
0.011828
0.006452
0.007527
0.011828
0.005376
0.011828
0.010753
0.009677
0.010753
0.010753
0.011828
0.012903
0.015054
0.012903
0.016129
0.016129
0.016129
0.017204
0.020430
0.020430
0.018280
0.013978
0.016129
0.016129
0.004301
0.011828
0.010753
0.012903
0.012903
0.011828
0.008602
0.004301
0.009677
0.009677
0.004301
0.006452
0.004301
0.001075
0.000000
0.000000
0.000000
0.000000
0.000000
0.000000
0.000000
0.000000
0.004301
0.005376
0.005376
0.010753
0.007527
0.009677
0.012903
0.012903
0.007527
0.016129
0.016129
0.022581
0.018280
0.019355
0.017204
0.015054
0.017204
0.015054
0.018280
0.017204
0.015054
0.013978
0.016129
0.017204
0.016129
0.017204
0.009677
0.016129
0.018280
0.016129
0.005376
0.015054
0.006452
0.008602
0.002151
0.004301
0.006452
0.006452
0.001075
0.004301
0.004301
0.006452
0.007527
0.007527
0.005376
0.007527
0.009677
0.011828
0.012903
0.017204
0.012903
0.013978
0.015054
0.015054
0.012903
0.015054
0.015054
0.013978
0.020430
0.018280
0.016129
0.017204
0.016129
0.013978
0.016129
0.015054
0.016129
0.016129
0.013978
0.011828
0.015054
0.010753
0.020430
0.012903
0.020430
0.008602
0.007527
0.007527
0.011828
0.010753
0.009677
0.004301
0.010753
0.002151
0.006452
0.000000
0.002151
0.006452
0.001075
0.001075
0.000000
0.001075
0.003226
0.003226
0.006452
0.008602
0.010753
0.012903
0.007527
0.003226
0.004301
0.015054
0.015054
0.009677
0.012903
0.015054
0.007527
0.016129
0.009677
0.012903
0.019355
0.013978
0.021505
0.011828
0.017204
0.018280
0.018280
0.016129
0.016129
0.020430
0.018280
0.021505
0.024731
0.020430
0.023656
0.025806
0.024731
0.025806
0.026882
0.018280
0.024731
0.024731
0.021505
0.023656
0.018280
0.013978
0.009677
0.012903
0.005376
0.008602
0.003226
0.000000
0.000000
0.002151
0.004301
0.000000
0.001075
0.002151
0.000000
0.002151
0.003226
0.006452
0.003226
0.004301
0.004301
0.013978
0.008602
0.016129
0.005376
0.012903
0.007527
0.018280
0.017204
0.021505
0.023656
0.021505
0.019355
0.019355
0.021505
0.022581
0.021505
0.023656
0.018280
0.016129
0.023656
0.015054
0.024731
0.013978
0.015054
0.009677
0.007527
0.011828
0.006452
0.001075
0.007527
0.006452
0.006452
0.006452
0.006452
0.001075
0.001075
0.001075
0.001075
0.005376
0.005376
0.008602
0.008602
0.008602
0.009677
0.005376
0.016129
0.013978
0.011828
0.013978
0.016129
0.013978
0.017204
0.016129
0.016129
0.018280
0.018280
0.011828
0.019355
0.018280
0.020430
0.019355
0.019355
0.022581
0.020430
0.020430
0.022581
0.020430
0.023656
0.021505
0.017204
0.020430
0.012903
0.011828
0.019355
0.017204
0.006452
0.015054
0.004301
0.012903
0.006452
0.008602
0.007527
0.007527
0.005376
0.006452
0.002151
0.003226
0.002151
0.001075
0.002151
0.000000
0.002151
0.004301
0.010753
0.006452
0.012903
0.016129
0.011828
0.016129
0.015054
0.016129
0.017204
0.012903
0.012903
0.016129
0.020430
0.020430
0.018280
0.021505
0.017204
0.011828
0.017204
0.017204
0.016129
0.016129
0.015054
0.017204
0.018280
0.016129
0.012903
0.017204
0.012903
0.020430
0.010753
0.020430
0.019355
0.010753
0.020430
0.021505
0.008602
0.013978
0.017204
0.018280
0.015054
0.013978
0.008602
0.005376
0.001075
0.010753
0.000000
0.002151
0.000000
0.002151
0.002151
0.006452
0.008602
0.006452
0.006452
0.003226
0.003226
0.000000
0.000000
0.010753
0.003226
0.017204
0.017204
0.006452
0.006452
0.012903
0.008602
0.012903
0.006452
0.010753
0.010753
0.021505
0.023656
0.023656
0.017204
0.021505
0.024731
0.021505
0.021505
0.024731
0.023656
0.030108
0.025806
0.024731
0.020430
0.023656
0.023656
0.024731
0.025806
0.020430
0.016129
0.026882
0.025806
0.023656
0.018280
0.021505
0.019355
0.023656
0.023656
0.022581
0.012903
0.018280
0.006452
0.009677
0.004301
0.011828
0.006452
0.011828
0.008602
0.010753
0.009677
0.008602
0.010753
0.006452
0.009677
0.008602
0.008602
0.003226
0.005376
0.001075
0.002151
0.004301
0.004301
0.002151
0.000000
0.000000
0.002151
0.000000
0.005376
0.008602
0.002151
0.004301
0.009677
0.007527
0.015054
0.016129
0.010753
0.017204
0.012903
0.012903
0.018280
0.006452
0.009677
0.019355
0.022581
0.022581
0.018280
0.018280
0.021505
0.016129
0.019355
0.019355
0.020430
0.021505
0.019355
0.020430
0.024731
0.024731
0.021505
0.021505
0.030108
0.024731
0.026882
0.031183
0.029032
0.033333
0.023656
0.026882
0.017204
0.027957
0.021505
0.016129
0.023656
0.024731
0.023656
0.020430
0.021505
0.010753
0.013978
0.011828
0.004301
0.007527
0.009677
0.009677
0.006452
0.008602
0.007527
0.007527
0.001075
0.006452
0.006452
0.007527
0.004301
0.006452
0.004301
0.006452
0.006452
0.004301
0.007527
0.010753
0.008602
0.010753
0.004301
0.009677
0.012903
0.015054
0.004301
0.007527
0.016129
0.007527
0.009677
0.009677
0.019355
0.018280
0.017204
0.018280
0.018280
0.012903
0.019355
0.021505
0.019355
0.018280
0.017204
0.012903
0.017204
0.017204
0.018280
0.016129
0.018280
0.018280
0.019355
0.019355
0.017204
0.021505
0.017204
0.016129
0.019355
0.023656
0.024731
0.024731
0.017204
0.015054
0.020430
0.022581
0.023656
0.023656
0.022581
0.016129
0.021505
0.020430
0.019355
0.022581
0.020430
0.020430
0.012903
0.023656
0.020430
0.009677
0.013978
0.018280
0.009677
0.016129
0.012903
0.006452
0.013978
0.012903
0.013978
0.006452
0.009677
0.005376
0.007527
0.007527
0.010753
0.006452
0.009677
0.008602
0.007527
0.009677
0.010753
0.009677
0.010753
0.010753
0.011828
0.011828
0.012903
0.010753
0.009677
0.007527
0.013978
0.011828
0.013978
0.013978
0.015054
0.009677
0.016129
0.017204
0.016129
0.015054
0.009677
0.015054
0.015054
0.010753
0.015054
0.011828
0.015054
0.010753
0.016129
0.016129
0.004301
0.011828
0.016129
0.017204
0.012903
0.015054
0.015054
0.010753
0.009677
0.012903
0.011828
0.013978
0.012903
0.013978
0.013978
0.013978
0.015054
0.015054
0.016129
0.016129
0.016129
0.013978
0.012903
0.013978
0.016129
0.020430
0.020430
0.009677
0.020430
0.017204
0.020430
0.017204
0.019355
0.019355
0.015054
0.015054
0.006452
0.015054
0.015054
0.004301
0.012903
0.009677
0.011828
0.010753
0.006452
0.009677
0.010753
0.009677
0.010753
0.010753
0.009677
0.010753
0.010753
0.010753
0.011828
0.012903
0.015054
0.015054
0.015054
0.015054
0.013978
0.016129
0.015054
0.008602
0.016129
0.017204
0.016129
0.016129
0.015054
0.013978
0.013978
0.013978
0.011828
0.005376
0.011828
0.010753
0.011828
0.009677
0.011828
0.009677
0.011828
0.011828
0.011828
0.011828
0.012903
0.012903
0.013978
0.012903
0.012903
0.013978
0.015054
0.016129
0.015054
0.017204
0.016129
0.017204
0.012903
0.011828
0.017204
0.017204
0.013978
0.017204
0.017204
0.017204
0.004301
0.005376
0.016129
0.011828
0.015054
0.015054
0.012903
0.010753
0.006452
0.011828
0.010753
0.010753
0.009677
0.007527
0.008602
0.010753
0.010753
0.008602
0.010753
0.009677
0.009677
0.011828
0.011828
0.011828
0.012903
0.012903
0.013978
0.013978
0.013978
0.009677
0.011828
0.011828
0.011828
0.016129
0.009677
0.016129
0.012903
0.011828
0.016129
0.016129
0.016129
0.015054
0.015054
0.016129
0.016129
0.015054
0.016129
0.013978
0.013978
0.012903
0.013978
0.013978
0.015054
0.013978
0.003226
0.008602
0.012903
0.005376
0.012903
0.008602
0.009677
0.008602
0.010753
0.010753
0.012903
0.005376
0.012903
0.010753
0.008602
0.005376
0.010753
0.011828
0.010753
0.009677
0.010753
0.011828
0.008602
0.011828
0.011828
0.011828
0.011828
0.011828
0.011828
0.011828
0.011828
0.012903
0.012903
0.012903
0.012903
0.012903
0.013978
0.010753
0.011828
0.015054
0.012903
0.015054
0.013978
0.011828
0.013978
0.011828
0.015054
0.015054
0.012903
0.015054
0.015054
0.016129
0.015054
0.013978
0.015054
0.015054
0.011828
0.015054
0.012903
0.011828
0.012903
0.015054
0.015054
0.015054
0.015054
0.011828
0.015054
0.013978
0.015054
0.015054
0.013978
0.012903
0.013978
0.012903
0.013978
0.013978
0.013978
0.015054
0.015054
0.015054
0.013978
0.013978
0.013978
0.013978
0.013978
0.012903
0.012903
0.013978
0.013978
0.013978
0.012903
0.012903
0.012903
0.011828
0.013978
0.012903
0.012903
0.013978
0.012903
0.012903
0.011828
0.012903
0.011828
0.012903
0.012903
0.010753
0.012903
0.012903
0.012903
0.011828
0.011828
0.011828
0.012903
0.012903
0.011828
0.012903
0.011828
0.011828
0.010753
0.010753
0.012903
0.011828
0.012903
0.011828
0.010753
0.011828
0.009677
0.011828
0.007527
0.011828
0.010753
0.012903
0.010753
0.007527
0.013978
0.008602
0.010753
0.011828
0.012903
0.010753
0.013978
0.015054
0.015054
0.015054
0.007527
0.012903
0.017204
0.016129
0.015054
0.016129
0.015054
0.016129
0.010753
0.017204
0.006452
0.010753
0.010753
0.008602
