0.064516
0.062366
0.059140
0.056989
0.052688
0.051613
0.047312
0.050538
0.047312
0.043011
0.041935
0.044086
0.043011
0.043011
0.043011
0.045161
0.047312
0.049462
0.050538
0.052688
0.055914
0.056989
0.059140
0.060215
0.061290
0.063441
0.064516
0.066667
0.068817
0.070968
0.072043
0.073118
0.074194
0.074194
0.072043
0.075269
0.074194
0.069892
0.073118
0.074194
0.069892
0.072043
0.072043
0.072043
0.068817
0.067742
0.063441
0.066667
0.063441
0.064516
0.064516
0.061290
0.062366
0.063441
0.056989
0.058065
0.054839
0.056989
0.055914
0.054839
0.054839
0.051613
0.051613
0.047312
0.049462
0.048387
0.045161
0.044086
0.044086
0.043011
0.044086
0.041935
0.044086
0.045161
0.046237
0.048387
0.049462
0.051613
0.053763
0.055914
0.056989
0.059140
0.060215
0.061290
0.063441
0.065591
0.066667
0.072043
0.070968
0.070968
0.073118
0.073118
0.073118
0.074194
0.074194
0.069892
0.073118
0.070968
0.070968
0.072043
0.067742
0.066667
0.067742
0.060215
0.060215
0.063441
0.059140
0.053763
0.054839
0.055914
0.053763
0.053763
0.053763
0.049462
0.049462
0.048387
0.047312
0.047312
0.046237
0.044086
0.044086
0.045161
0.045161
0.045161
0.043011
0.044086
0.044086
0.045161
0.043011
0.040860
0.044086
0.041935
0.040860
0.044086
0.043011
0.044086
0.043011
0.043011
0.043011
0.041935
0.044086
0.044086
0.045161
0.045161
0.046237
0.046237
0.046237
0.046237
0.047312
0.047312
0.049462
0.049462
0.051613
0.052688
0.055914
0.056989
0.058065
0.061290
0.063441
0.065591
0.068817
0.070968
0.073118
0.072043
0.074194
0.074194
0.070968
0.075269
0.070968
0.072043
0.064516
0.066667
0.064516
0.063441
0.061290
0.059140
0.059140
0.056989
0.059140
0.052688
0.053763
0.049462
0.053763
0.055914
0.052688
0.051613
0.044086
0.048387
0.048387
0.048387
0.047312
0.047312
0.047312
0.048387
0.046237
0.046237
0.046237
0.045161
0.045161
0.045161
0.044086
0.045161
0.044086
0.046237
0.046237
0.046237
0.046237
0.047312
0.046237
0.047312
0.047312
0.048387
0.049462
0.050538
0.050538
0.050538
0.052688
0.052688
0.053763
0.054839
0.055914
0.058065
0.060215
0.060215
0.061290
0.062366
0.063441
0.062366
0.066667
0.066667
0.069892
0.070968
0.072043
0.073118
0.069892
0.074194
0.075269
0.076344
0.074194
0.073118
0.069892
0.068817
0.065591
0.065591
0.064516
0.059140
0.061290
0.060215
0.053763
0.052688
0.046237
0.044086
0.045161
0.043011
0.045161
0.046237
0.047312
0.048387
0.049462
0.050538
0.052688
0.053763
0.055914
0.059140
0.061290
0.063441
0.065591
0.067742
0.068817
0.069892
0.072043
0.073118
0.075269
0.075269
0.075269
0.075269
0.076344
0.075269
0.073118
0.075269
0.072043
0.068817
0.070968
0.069892
0.068817
0.064516
0.067742
0.065591
0.064516
0.062366
0.059140
0.056989
0.055914
0.052688
0.050538
0.049462
0.048387
0.046237
0.047312
0.046237
0.046237
0.047312
0.048387
0.048387
0.049462
0.051613
0.052688
0.054839
0.055914
0.058065
0.059140
0.061290
0.063441
0.065591
0.067742
0.069892
0.070968
0.073118
0.074194
0.075269
0.077419
0.078495
0.080645
0.081720
0.078495
0.079570
0.077419
0.078495
0.073118
0.075269
0.069892
0.064516
0.070968
0.068817
0.062366
0.061290
0.059140
0.055914
0.054839
0.054839
0.050538
0.050538
0.049462
0.048387
0.047312
0.043011
0.046237
0.043011
0.046237
0.046237
0.046237
0.047312
0.048387
0.049462
0.051613
0.052688
0.054839
0.056989
0.059140
0.061290
0.063441
0.065591
0.067742
0.069892
0.070968
0.072043
0.073118
0.072043
0.074194
0.075269
0.076344
0.076344
0.076344
0.075269
0.070968
0.072043
0.074194
0.073118
0.072043
0.068817
0.070968
0.070968
0.068817
0.072043
0.065591
0.067742
0.065591
0.065591
0.064516
0.059140
0.056989
0.059140
0.053763
0.059140
0.054839
0.053763
0.054839
0.053763
0.050538
0.050538
0.049462
0.048387
0.046237
0.047312
0.047312
0.046237
0.047312
0.046237
0.046237
0.046237
0.046237
0.047312
0.048387
0.049462
0.049462
0.049462
0.049462
0.049462
0.049462
0.050538
0.051613
0.051613
0.052688
0.053763
0.054839
0.056989
0.058065
0.059140
0.062366
0.063441
0.064516
0.065591
0.068817
0.069892
0.069892
0.070968
0.072043
0.073118
0.076344
0.070968
0.074194
0.075269
0.073118
0.073118
0.073118
0.072043
0.069892
0.070968
0.070968
0.069892
0.066667
0.066667
0.063441
0.064516
0.064516
0.063441
0.060215
0.056989
0.060215
0.056989
0.056989
0.058065
0.056989
0.055914
0.059140
0.054839
0.049462
0.051613
0.050538
0.053763
0.049462
0.047312
0.051613
0.050538
0.047312
0.046237
0.051613
0.049462
0.049462
0.046237
0.049462
0.048387
0.045161
0.046237
0.047312
0.046237
0.046237
0.046237
0.045161
0.045161
0.046237
0.045161
0.047312
0.048387
0.046237
0.048387
0.048387
0.051613
0.052688
0.053763
0.054839
0.055914
0.055914
0.056989
0.058065
0.058065
0.058065
0.059140
0.059140
0.060215
0.060215
0.061290
0.062366
0.062366
0.063441
0.063441
0.064516
0.064516
0.064516
0.065591
0.065591
0.066667
0.065591
0.067742
0.067742
0.067742
0.068817
0.068817
0.069892
0.069892
0.070968
0.070968
0.070968
0.070968
0.070968
0.069892
0.072043
0.072043
0.072043
0.073118
0.073118
0.073118
0.073118
0.072043
0.072043
0.070968
0.070968
0.072043
0.069892
0.070968
0.070968
0.069892
0.069892
0.067742
0.068817
0.069892
0.070968
0.069892
0.073118
0.072043
0.074194
0.073118
0.074194
0.074194
0.076344
0.077419
0.076344
0.076344
0.077419
0.076344
0.077419
0.076344
0.077419
0.077419
0.076344
0.075269
0.075269
0.072043
0.072043
0.074194
0.073118
0.072043
0.072043
0.070968
0.072043
0.070968
0.070968
0.069892
0.066667
0.069892
0.070968
0.068817
0.069892
0.067742
0.067742
0.067742
0.067742
0.068817
0.068817
0.064516
0.066667
0.067742
0.067742
0.068817
0.068817
0.066667
0.068817
0.070968
0.070968
0.069892
0.070968
0.072043
0.073118
0.073118
0.073118
0.075269
0.076344
0.078495
0.078495
0.077419
0.080645
0.080645
0.081720
0.081720
0.082796
0.081720
0.081720
0.081720
0.080645
0.080645
0.079570
0.078495
0.077419
0.074194
0.073118
0.069892
0.067742
0.065591
0.064516
0.062366
0.061290
0.060215
0.058065
0.056989
0.054839
0.053763
0.052688
0.052688
0.052688
0.051613
0.052688
0.051613
0.052688
0.053763
0.054839
0.054839
0.056989
0.056989
0.058065
0.058065
0.061290
0.060215
0.064516
0.065591
0.067742
0.068817
0.069892
0.072043
0.069892
0.070968
0.074194
0.075269
0.076344
0.077419
0.079570
0.080645
0.080645
0.080645
0.081720
0.081720
0.082796
0.082796
0.082796
0.082796
0.079570
0.082796
0.081720
0.081720
0.081720
0.080645
0.081720
0.080645
0.079570
0.077419
0.075269
0.072043
0.068817
0.065591
0.064516
0.061290
0.059140
0.056989
0.055914
0.053763
0.053763
0.053763
0.055914
0.060215
0.062366
0.068817
0.073118
0.077419
0.080645
0.083871
0.083871
0.080645
0.079570
0.079570
0.075269
0.070968
0.066667
0.061290
0.056989
0.053763
0.052688
0.052688
0.054839
0.056989
0.060215
0.059140
0.065591
0.068817
0.073118
0.076344
0.079570
0.081720
0.082796
0.082796
0.081720
0.079570
0.074194
0.072043
0.066667
0.063441
0.059140
0.054839
0.052688
0.052688
0.053763
0.055914
0.064516
0.068817
0.073118
0.077419
0.079570
0.081720
0.082796
0.081720
0.081720
0.078495
0.076344
0.070968
0.067742
0.063441
0.060215
0.055914
0.053763
0.052688
0.050538
0.050538
0.048387
0.050538
0.053763
0.055914
0.059140
0.061290
0.064516
0.066667
0.068817
0.072043
0.074194
0.077419
0.078495
0.079570
0.079570
0.080645
0.080645
0.080645
0.079570
0.077419
0.076344
0.074194
0.070968
0.068817
0.065591
0.063441
0.060215
0.056989
0.055914
0.053763
0.051613
0.051613
0.050538
0.051613
0.052688
0.054839
0.059140
0.063441
0.067742
0.069892
0.072043
0.075269
0.077419
0.077419
0.080645
0.081720
0.081720
0.079570
0.075269
0.070968
0.066667
0.062366
0.058065
0.054839
0.051613
0.050538
0.050538
0.053763
0.056989
0.061290
0.066667
0.070968
0.075269
0.077419
0.077419
0.078495
0.078495
0.077419
0.073118
0.067742
0.063441
0.059140
0.055914
0.052688
0.050538
0.050538
0.052688
0.061290
0.066667
0.072043
0.075269
0.079570
0.080645
0.081720
0.080645
0.077419
0.074194
0.069892
0.066667
0.062366
0.058065
0.054839
0.051613
0.051613
0.051613
0.052688
0.054839
0.053763
0.056989
0.063441
0.066667
0.070968
0.073118
0.076344
0.078495
0.080645
0.080645
0.080645
0.079570
0.078495
0.076344
0.074194
0.070968
0.068817
0.066667
0.063441
0.061290
0.058065
0.055914
0.053763
0.050538
0.051613
0.051613
0.052688
0.053763
0.055914
0.059140
0.061290
0.065591
0.068817
0.073118
0.075269
0.078495
0.080645
0.081720
0.077419
0.080645
0.078495
0.076344
0.073118
0.069892
0.065591
0.061290
0.056989
0.053763
0.050538
0.050538
0.050538
0.051613
0.054839
0.054839
0.059140
0.064516
0.068817
0.072043
0.072043
0.077419
0.078495
0.080645
0.078495
0.078495
0.075269
0.070968
0.064516
0.059140
0.053763
0.051613
0.050538
0.050538
0.051613
0.054839
0.060215
0.066667
0.070968
0.076344
0.078495
0.080645
0.080645
0.078495
0.075269
0.069892
0.063441
0.058065
0.052688
0.050538
0.049462
0.049462
0.054839
0.060215
0.064516
0.069892
0.074194
0.078495
0.080645
0.079570
0.077419
0.072043
0.066667
0.062366
0.056989
0.052688
0.049462
0.047312
0.051613
0.054839
0.055914
0.064516
0.068817
0.072043
0.075269
0.078495
0.080645
0.080645
0.079570
0.075269
0.070968
0.064516
0.060215
0.054839
0.051613
0.050538
0.049462
0.051613
0.056989
0.060215
0.068817
0.073118
0.077419
0.078495
0.078495
