0.478495
0.475269
0.475269
0.477419
0.481720
0.488172
0.491398
0.493548
0.494624
0.493548
0.494624
0.501075
0.503226
0.500000
0.491398
0.492473
0.490323
0.491398
0.484946
0.475269
0.465591
0.454839
0.446237
0.437634
0.429032
0.419355
0.412903
0.406452
0.403226
0.400000
0.396774
0.392473
0.388172
0.381720
0.378495
0.377419
0.378495
0.379570
0.382796
0.386021
0.388172
0.390323
0.391398
0.392473
0.394624
0.396774
0.396774
0.398925
0.397849
0.398925
0.400000
0.402151
0.403226
0.406452
0.410753
0.416129
0.421505
0.425806
0.431183
0.436559
0.443011
0.449462
0.454839
0.460215
0.465591
0.473118
0.481720
0.488172
0.493548
0.498925
0.501075
0.503226
0.503226
0.505376
0.504301
0.503226
0.502151
0.497849
0.492473
0.489247
0.483871
0.482796
0.476344
0.467742
0.459140
0.447312
0.438710
0.429032
0.422581
0.413978
0.403226
0.391398
0.376344
0.359140
0.346237
0.331183
0.320430
0.313978
0.307527
0.304301
0.304301
0.307527
0.311828
0.318280
0.325806
0.333333
0.343011
0.355914
0.369892
0.387097
0.403226
0.419355
0.432258
0.447312
0.460215
0.473118
0.486022
0.495699
0.502151
0.503226
0.503226
0.502151
0.495699
0.487097
0.479570
0.470968
0.459140
0.450538
0.444086
0.433333
0.422581
0.413978
0.401075
0.386021
0.374194
0.359140
0.353763
0.345161
0.338710
0.332258
0.323656
0.317204
0.309677
0.307527
0.305376
0.305376
0.307527
0.309677
0.312903
0.318280
0.322581
0.329032
0.335484
0.343011
0.351613
0.361290
0.372043
0.382796
0.392473
0.403226
0.413978
0.425806
0.438710
0.452688
0.465591
0.476344
0.484946
0.490323
0.493548
0.496774
0.501075
0.505376
0.506452
0.504301
0.501075
0.495699
0.488172
0.480645
0.467742
0.459140
0.448387
0.440860
0.430108
0.422581
0.416129
0.408602
0.398925
0.392473
0.386021
0.375269
0.364516
0.352688
0.345161
0.334409
0.329032
0.319355
0.313978
0.309677
0.306452
0.304301
0.304301
0.307527
0.312903
0.323656
0.335484
0.348387
0.362366
0.378495
0.395699
0.413978
0.432258
0.450538
0.467742
0.481720
0.491398
0.500000
0.504301
0.504301
0.503226
0.498925
0.488172
0.476344
0.456989
0.440860
0.424731
0.405376
0.389247
0.373118
0.350538
0.332258
0.317204
0.307527
0.304301
0.309677
0.317204
0.327957
0.340860
0.355914
0.373118
0.390323
0.409677
0.427957
0.443011
0.458065
0.469892
0.479570
0.489247
0.497849
0.500000
0.504301
0.501075
0.497849
0.491398
0.484946
0.475269
0.463441
0.453763
0.439785
0.426882
0.410753
0.394624
0.381720
0.363441
0.349462
0.332258
0.318280
0.309677
0.305376
0.304301
0.304301
0.308602
0.313978
0.320430
0.331183
0.339785
0.350538
0.359140
0.367742
0.376344
0.384946
0.394624
0.403226
0.410753
0.417204
0.424731
0.433333
0.444086
0.453763
0.461290
0.467742
0.472043
0.475269
0.477419
0.480645
0.483871
0.488172
0.493548
0.497849
0.500000
0.503226
0.504301
0.505376
0.504301
0.505376
0.503226
0.502151
0.500000
0.496774
0.493548
0.490323
0.487097
0.482796
0.475269
0.468817
0.461290
0.447312
0.437634
0.429032
0.418280
0.408602
0.396774
0.389247
0.375269
0.365591
0.350538
0.335484
0.323656
0.312903
0.310753
0.307527
0.304301
0.304301
0.305376
0.308602
0.311828
0.317204
0.323656
0.331183
0.340860
0.350538
0.363441
0.375269
0.386021
0.397849
0.410753
0.424731
0.438710
0.450538
0.460215
0.469892
0.478495
0.486022
0.492473
0.497849
0.502151
0.502151
0.502151
0.504301
0.504301
0.503226
0.502151
0.500000
0.498925
0.495699
0.488172
0.484946
0.480645
0.478495
0.472043
0.467742
0.463441
0.451613
0.443011
0.431183
0.422581
0.411828
0.397849
0.381720
0.369892
0.351613
0.337634
0.322581
0.315054
0.309677
0.307527
0.305376
0.304301
0.307527
0.310753
0.315054
0.322581
0.330108
0.341936
0.355914
0.370968
0.386021
0.398925
0.412903
0.429032
0.443011
0.459140
0.474194
0.486022
0.497849
0.503226
0.505376
0.498925
0.491398
0.479570
0.462366
0.443011
0.421505
0.395699
0.367742
0.340860
0.324731
0.310753
0.305376
0.305376
0.309677
0.320430
0.334409
0.349462
0.366667
0.382796
0.400000
0.418280
0.433333
0.447312
0.461290
0.474194
0.486022
0.495699
0.502151
0.504301
0.504301
0.503226
0.495699
0.490323
0.480645
0.470968
0.461290
0.449462
0.443011
0.435484
0.429032
0.421505
0.409677
0.395699
0.381720
0.369892
0.355914
0.346237
0.335484
0.324731
0.316129
0.308602
0.305376
0.303226
0.304301
0.306452
0.308602
0.311828
0.317204
0.323656
0.332258
0.343011
0.353763
0.364516
0.373118
0.380645
0.386021
0.391398
0.397849
0.404301
0.412903
0.423656
0.434409
0.446237
0.458065
0.469892
0.479570
0.487097
0.494624
0.501075
0.503226
0.505376
0.503226
0.498925
0.490323
0.478495
0.465591
0.448387
0.435484
0.413978
0.394624
0.375269
0.354839
0.334409
0.318280
0.304301
0.308602
0.317204
0.329032
0.345161
0.363441
0.382796
0.403226
0.422581
0.440860
0.459140
0.474194
0.487097
0.496774
0.502151
0.503226
0.495699
0.482796
0.463441
0.446237
0.427957
0.411828
0.396774
0.377419
0.353763
0.331183
0.315054
0.304301
0.304301
0.308602
0.317204
0.332258
0.349462
0.369892
0.390323
0.409677
0.429032
0.446237
0.462366
0.474194
0.486022
0.494624
0.502151
0.505376
0.503226
0.493548
0.484946
0.474194
0.462366
0.448387
0.432258
0.413978
0.392473
0.368817
0.346237
0.326882
0.311828
0.306452
0.306452
0.310753
0.320430
0.333333
0.349462
0.368817
0.390323
0.413978
0.436559
0.455914
0.474194
0.488172
0.500000
0.504301
0.504301
0.498925
0.489247
0.472043
0.458065
0.440860
0.420430
0.398925
0.378495
0.355914
0.334409
0.319355
0.309677
0.304301
0.305376
0.310753
0.319355
0.330108
0.346237
0.364516
0.382796
0.405376
0.426882
0.448387
0.466667
0.480645
0.492473
0.500000
0.504301
0.505376
0.498925
0.488172
0.475269
0.455914
0.438710
0.417204
0.400000
0.381720
0.361290
0.340860
0.324731
0.312903
0.305376
0.305376
0.311828
0.321505
0.333333
0.348387
0.365591
0.379570
0.393548
0.405376
0.417204
0.430108
0.443011
0.455914
0.468817
0.479570
0.490323
0.495699
0.498925
0.502151
0.504301
0.503226
0.496774
0.488172
0.480645
0.470968
0.461290
0.451613
0.440860
0.427957
0.416129
0.406452
0.392473
0.382796
0.373118
0.362366
0.353763
0.344086
0.336559
0.326882
0.321505
0.315054
0.308602
0.306452
0.304301
0.303226
0.306452
0.310753
0.317204
0.324731
0.332258
0.340860
0.351613
0.362366
0.374194
0.388172
0.404301
0.422581
0.439785
0.456989
0.470968
0.483871
0.494624
0.501075
0.504301
0.501075
0.496774
0.481720
0.464516
0.450538
0.431183
0.415054
0.389247
0.366667
0.344086
0.323656
0.310753
0.305376
0.305376
0.310753
0.322581
0.337634
0.356989
0.377419
0.400000
0.421505
0.441935
0.460215
0.478495
0.491398
0.500000
0.504301
0.503226
0.497849
0.493548
0.483871
0.473118
0.461290
0.451613
0.440860
0.430108
0.416129
0.404301
0.386021
0.374194
0.359140
0.345161
0.338710
0.329032
0.322581
0.313978
0.310753
0.304301
0.304301
0.305376
0.306452
0.309677
0.312903
0.317204
0.323656
0.331183
0.340860
0.348387
0.356989
0.366667
0.377419
0.388172
0.400000
0.412903
0.422581
0.433333
0.446237
0.458065
0.468817
0.477419
0.482796
0.493548
0.498925
0.502151
0.504301
0.504301
0.503226
0.497849
0.495699
0.488172
0.481720
0.474194
0.463441
0.456989
0.446237
0.437634
0.427957
0.416129
0.402151
0.388172
0.372043
0.354839
0.343011
0.330108
0.320430
0.311828
0.308602
0.304301
0.305376
0.310753
0.319355
0.331183
0.346237
0.362366
0.380645
0.400000
0.419355
0.438710
0.456989
0.472043
0.484946
0.494624
0.502151
0.504301
0.505376
0.498925
0.489247
0.474194
0.461290
0.443011
0.425806
0.404301
0.381720
0.360215
0.339785
0.322581
0.308602
0.304301
0.309677
0.322581
0.339785
0.362366
0.386021
0.415054
0.445161
0.474194
0.494624
0.504301
0.504301
0.496774
0.486022
0.470968
0.455914
0.433333
0.410753
0.386021
0.362366
0.338710
0.325806
0.315054
0.310753
0.307527
0.305376
0.310753
0.319355
0.330108
0.344086
0.360215
0.373118
0.388172
0.403226
0.420430
0.437634
0.451613
0.462366
0.467742
0.469892
0.473118
0.478495
0.483871
0.491398
0.498925
0.501075
0.502151
0.504301
0.504301
0.504301
0.504301
0.504301
0.504301
0.503226
0.505376
0.504301
0.503226
0.502151
0.503226
0.497849
0.498925
0.498925
0.497849
0.495699
0.493548
0.492473
0.490323
0.489247
0.484946
0.482796
0.478495
0.474194
0.468817
0.462366
0.455914
0.450538
0.446237
0.447312
0.441935
0.441935
0.432258
0.420430
0.409677
0.394624
0.380645
0.367742
0.352688
0.338710
0.327957
0.318280
0.309677
0.305376
0.305376
0.306452
0.311828
0.319355
0.329032
0.341936
0.359140
0.378495
0.401075
0.424731
0.446237
0.465591
0.481720
0.494624
0.503226
0.506452
0.501075
0.490323
0.470968
0.451613
0.423656
0.394624
0.363441
0.337634
0.315054
0.307527
0.305376
0.311828
0.322581
0.338710
0.359140
0.381720
0.405376
0.427957
0.449462
0.469892
0.484946
0.495699
0.502151
0.504301
0.504301
0.502151
0.497849
0.492473
0.483871
0.470968
0.461290
0.448387
0.432258
0.419355
0.405376
0.389247
0.374194
0.359140
0.345161
0.329032
0.317204
0.308602
0.304301
0.305376
0.311828
0.321505
0.332258
0.341936
0.351613
0.362366
0.375269
0.391398
0.405376
0.420430
0.435484
0.447312
0.459140
0.467742
0.478495
0.488172
0.495699
0.502151
0.505376
0.506452
0.504301
0.502151
0.497849
0.490323
0.482796
0.472043
0.462366
0.453763
0.444086
0.433333
0.421505
0.410753
0.398925
0.386021
0.373118
0.362366
0.350538
0.340860
0.333333
0.325806
0.321505
0.317204
