0.467742
0.480645
0.492473
0.505376
0.521505
0.539785
0.558065
0.577419
0.594624
0.611828
0.626882
0.645161
0.664516
0.682796
0.698925
0.715054
0.725806
0.737634
0.747312
0.754839
0.762366
0.765591
0.768817
0.770968
0.769893
0.773118
0.774194
0.773118
0.774194
0.768817
0.767742
0.762366
0.755914
0.752688
0.750538
0.747312
0.741935
0.733333
0.719355
0.710753
0.697850
0.688172
0.676344
0.662366
0.651613
0.637634
0.618280
0.601075
0.578495
0.560215
0.538710
0.525806
0.518280
0.505376
0.495699
0.483871
0.474194
0.464516
0.458065
0.455914
0.456989
0.459140
0.460215
0.461290
0.462366
0.462366
0.464516
0.468817
0.476344
0.487097
0.497849
0.508602
0.519355
0.527957
0.536559
0.545161
0.559140
0.575269
0.592473
0.609677
0.624731
0.641935
0.659140
0.676344
0.693548
0.706452
0.718280
0.725806
0.729032
0.734409
0.740860
0.747312
0.755914
0.764516
0.768817
0.773118
0.775269
0.770968
0.773118
0.769893
0.768817
0.766667
0.767742
0.770968
0.773118
0.770968
0.774194
0.774194
0.774194
0.775269
0.775269
0.774194
0.773118
0.766667
0.762366
0.759140
0.753763
0.745161
0.735484
0.729032
0.716129
0.706452
0.693548
0.682796
0.666667
0.656989
0.644086
0.636559
0.624731
0.615054
0.608602
0.603226
0.596774
0.588172
0.577419
0.559140
0.539785
0.525806
0.513978
0.508602
0.504301
0.498925
0.489247
0.482796
0.474194
0.465591
0.462366
0.458065
0.456989
0.458065
0.455914
0.456989
0.460215
0.463441
0.469892
0.478495
0.488172
0.497849
0.508602
0.520430
0.532258
0.546237
0.561290
0.577419
0.594624
0.613979
0.635484
0.660215
0.684946
0.708602
0.727957
0.746237
0.759140
0.767742
0.770968
0.772043
0.768817
0.758065
0.748387
0.729032
0.718280
0.694624
0.668817
0.640860
0.604301
0.570968
0.537634
0.510753
0.489247
0.469892
0.458065
0.456989
0.464516
0.482796
0.509677
0.537634
0.564516
0.575269
0.600000
0.625806
0.651613
0.680645
0.706452
0.729032
0.745161
0.749462
0.750538
0.750538
0.743011
0.726882
0.710753
0.692473
0.674194
0.660215
0.647312
0.636559
0.625806
0.616129
0.607527
0.591398
0.572043
0.553763
0.536559
0.526882
0.520430
0.517204
0.512903
0.510753
0.502151
0.490323
0.479570
0.470968
0.462366
0.454839
0.451613
0.449462
0.447312
0.445161
0.441935
0.444086
0.448387
0.455914
0.463441
0.473118
0.484946
0.498925
0.518280
0.543011
0.572043
0.604301
0.661290
0.681720
0.700000
0.713979
0.726882
0.738710
0.748387
0.751613
0.743011
0.734409
0.718280
0.702151
0.690323
0.672043
0.649462
0.629032
0.607527
0.586021
0.556989
0.529032
0.502151
0.475269
0.460215
0.447312
0.443011
0.446237
0.451613
0.462366
0.474194
0.489247
0.504301
0.523656
0.546237
0.569892
0.597849
0.624731
0.648387
0.668817
0.688172
0.705376
0.719355
0.733333
0.741935
0.749462
0.749462
0.748387
0.746237
0.741935
0.734409
0.721505
0.711828
0.701075
0.690323
0.675269
0.661290
0.647312
0.631183
0.615054
0.591398
0.561290
0.536559
0.507527
0.481720
0.464516
0.451613
0.443011
0.443011
0.450538
0.464516
0.482796
0.503226
0.525806
0.549462
0.574194
0.602151
0.630108
0.659140
0.686022
0.707527
0.724731
0.737634
0.744086
0.750538
0.749462
0.738710
0.727957
0.712903
0.686022
0.665591
0.638710
0.608602
0.583871
0.553763
0.521505
0.495699
0.473118
0.454839
0.444086
0.445161
0.453763
0.467742
0.483871
0.500000
0.519355
0.540860
0.560215
0.579570
0.597849
0.615054
0.634409
0.653763
0.674194
0.694624
0.710753
0.724731
0.736559
0.741935
0.748387
0.749462
0.752688
0.750538
0.755914
0.755914
0.753763
0.754839
0.751613
0.753763
0.751613
0.753763
0.753763
0.752688
0.750538
0.750538
0.748387
0.743011
0.743011
0.735484
0.733333
0.731183
0.729032
0.722581
0.719355
0.710753
0.702151
0.697850
0.693548
0.679570
0.668817
0.659140
0.647312
0.634409
0.619355
0.612903
0.605376
0.593548
0.581720
0.566667
0.547312
0.530107
0.505376
0.486022
0.465591
0.455914
0.446237
0.444086
0.444086
0.446237
0.450538
0.454839
0.464516
0.477419
0.495699
0.516129
0.538710
0.561290
0.586021
0.612903
0.643011
0.669892
0.693548
0.710753
0.726882
0.738710
0.744086
0.750538
0.752688
0.751613
0.748387
0.738710
0.729032
0.715054
0.700000
0.681720
0.663441
0.643011
0.622581
0.601075
0.581720
0.554839
0.533333
0.506452
0.488172
0.466667
0.455914
0.448387
0.441935
0.444086
0.447312
0.453763
0.463441
0.474194
0.484946
0.494624
0.504301
0.518280
0.531183
0.545161
0.561290
0.578495
0.593548
0.606452
0.616129
0.621505
0.624731
0.629032
0.635484
0.641935
0.649462
0.658065
0.664516
0.669892
0.672043
0.670968
0.670968
0.673118
0.677419
0.687097
0.696774
0.708602
0.713979
0.719355
0.722581
0.723656
0.724731
0.731183
0.737634
0.740860
0.739785
0.746237
0.748387
0.751613
0.750538
0.749462
0.749462
0.744086
0.735484
0.724731
0.716129
0.700000
0.690323
0.670968
0.656989
0.635484
0.610753
0.584946
0.559140
0.530107
0.508602
0.487097
0.468817
0.456989
0.450538
0.445161
0.443011
0.443011
0.445161
0.449462
0.455914
0.464516
0.473118
0.483871
0.494624
0.504301
0.512903
0.520430
0.526882
0.532258
0.537634
0.544086
0.551613
0.560215
0.572043
0.584946
0.598925
0.612903
0.627957
0.643011
0.659140
0.674194
0.684946
0.693548
0.701075
0.710753
0.720430
0.732258
0.739785
0.747312
0.751613
0.752688
0.749462
0.745161
0.739785
0.731183
0.721505
0.711828
0.704301
0.693548
0.687097
0.673118
0.660215
0.649462
0.634409
0.613979
0.596774
0.576344
0.558065
0.535484
0.512903
0.497849
0.488172
0.475269
0.466667
0.459140
0.452688
0.446237
0.443011
0.446237
0.450538
0.456989
0.463441
0.472043
0.483871
0.497849
0.513978
0.534409
0.554839
0.573118
0.590323
0.609677
0.633333
0.658065
0.682796
0.700000
0.716129
0.729032
0.736559
0.746237
0.749462
0.752688
0.751613
0.741935
0.727957
0.712903
0.687097
0.667742
0.637634
0.618280
0.590323
0.570968
0.541936
0.517204
0.494624
0.473118
0.453763
0.445161
0.446237
0.452688
0.464516
0.476344
0.490323
0.505376
0.524731
0.546237
0.568817
0.592473
0.616129
0.637634
0.660215
0.677419
0.696774
0.716129
0.733333
0.745161
0.751613
0.756989
0.752688
0.751613
0.747312
0.739785
0.722581
0.706452
0.680645
0.658065
0.631183
0.616129
0.602151
0.584946
0.570968
0.547312
0.523656
0.502151
0.479570
0.466667
0.456989
0.451613
0.447312
0.445161
0.446237
0.446237
0.451613
0.458065
0.466667
0.476344
0.484946
0.495699
0.511828
0.532258
0.556989
0.581720
0.606452
0.626882
0.645161
0.661290
0.676344
0.693548
0.708602
0.721505
0.732258
0.744086
0.750538
0.754839
0.754839
0.752688
0.746237
0.738710
0.726882
0.721505
0.710753
0.696774
0.681720
0.661290
0.639785
0.621505
0.600000
0.578495
0.558065
0.536559
0.513978
0.488172
0.467742
0.454839
0.448387
0.446237
0.446237
0.451613
0.459140
0.470968
0.483871
0.501075
0.519355
0.537634
0.554839
0.568817
0.580645
0.592473
0.603226
0.612903
0.621505
0.625806
0.627957
0.625806
0.619355
0.607527
0.598925
0.592473
0.588172
0.588172
0.588172
0.588172
0.584946
0.577419
0.565591
0.553763
0.538710
0.525806
0.512903
0.502151
0.492473
0.480645
0.469892
0.450538
0.446237
0.447312
0.455914
0.466667
0.486022
0.509677
0.533333
0.566667
0.592473
0.622581
0.653763
0.687097
0.712903
0.736559
0.752688
0.754839
0.754839
0.743011
0.718280
0.682796
0.641935
0.604301
0.568817
0.539785
0.512903
0.490323
0.468817
0.452688
0.446237
0.448387
0.462366
0.480645
0.505376
0.533333
0.565591
0.590323
0.622581
0.653763
0.678495
0.708602
0.729032
0.747312
0.754839
0.755914
0.749462
0.740860
0.726882
0.704301
0.673118
0.639785
0.607527
0.576344
0.550538
0.526882
0.505376
0.487097
0.468817
0.452688
0.446237
0.454839
0.472043
0.488172
0.508602
0.525806
0.550538
0.577419
0.610753
0.638710
0.668817
0.689247
0.704301
0.722581
0.733333
0.741935
0.751613
0.755914
0.753763
0.740860
0.721505
0.698925
0.683871
0.666667
0.649462
0.629032
0.606452
0.576344
0.546237
0.516129
0.491398
0.472043
0.459140
0.451613
0.446237
0.446237
0.452688
0.462366
0.475269
0.489247
0.505376
0.516129
0.532258
0.546237
0.561290
0.577419
0.587097
0.605376
0.616129
0.630108
0.647312
0.655914
0.662366
0.670968
0.673118
0.681720
0.684946
0.689247
0.696774
0.702151
0.706452
0.707527
0.715054
0.713979
0.715054
0.716129
0.715054
0.717204
0.716129
0.718280
0.715054
0.717204
0.719355
0.722581
0.729032
0.734409
0.736559
0.741935
0.743011
0.747312
0.750538
0.751613
0.753763
0.754839
0.754839
0.754839
0.752688
0.750538
0.745161
0.736559
0.726882
0.717204
0.707527
0.697850
0.681720
0.662366
0.639785
0.616129
0.592473
0.570968
0.550538
0.530107
0.511828
0.496774
0.481720
0.469892
0.460215
0.454839
0.450538
0.449462
0.448387
0.445161
0.445161
0.444086
0.448387
0.450538
0.451613
0.453763
0.456989
0.462366
0.472043
0.475269
0.479570
0.481720
0.484946
0.489247
0.494624
0.500000
0.507527
0.515054
0.521505
0.525806
0.533333
0.535484
0.540860
0.543011
0.541936
0.540860
0.545161
0.541936
0.546237
0.551613
0.553763
0.556989
0.559140
0.560215
0.565591
0.560215
0.563441
0.567742
0.567742
0.567742
0.561290
0.555914
0.552688
0.561290
0.572043
0.583871
0.586021
0.582796
0.566667
0.552688
0.540860
0.533333
0.524731
0.520430
0.518280
0.513978
0.509677
0.507527
0.504301
0.502151
0.501075
0.502151
0.501075
0.498925
0.492473
0.488172
0.479570
0.475269
0.472043
0.473118
0.479570
0.488172
0.490323
0.494624
0.491398
0.489247
0.481720
0.478495
0.476344
