0.209677
0.202151
0.200000
0.200000
0.194624
0.193548
0.191398
0.184946
0.183871
0.181720
0.180645
0.174194
0.173118
0.168817
0.169892
0.165591
0.162366
0.161290
0.158065
0.160215
0.156989
0.158065
0.159140
0.159140
0.160215
0.156989
0.156989
0.155914
0.155914
0.155914
0.154839
0.154839
0.154839
0.153763
0.152688
0.151613
0.151613
0.150538
0.149462
0.147312
0.147312
0.147312
0.146237
0.146237
0.147312
0.147312
0.148387
0.149462
0.150538
0.152688
0.153763
0.155914
0.156989
0.158065
0.160215
0.162366
0.166667
0.169892
0.173118
0.177419
0.179570
0.184946
0.188172
0.190323
0.193548
0.195699
0.197849
0.200000
0.202151
0.205376
0.208602
0.210753
0.212903
0.215054
0.218280
0.220430
0.223656
0.225806
0.225806
0.226882
0.225806
0.226882
0.225806
0.226882
0.229032
0.230108
0.231183
0.231183
0.230108
0.231183
0.233333
0.233333
0.236559
0.237634
0.238710
0.240860
0.240860
0.244086
0.241935
0.243011
0.241935
0.240860
0.239785
0.237634
0.235484
0.232258
0.230108
0.225806
0.220430
0.218280
0.212903
0.212903
0.208602
0.208602
0.205376
0.203226
0.198925
0.195699
0.189247
0.187097
0.183871
0.181720
0.179570
0.178495
0.177419
0.175269
0.170968
0.167742
0.162366
0.158065
0.154839
0.152688
0.151613
0.149462
0.149462
0.147312
0.147312
0.147312
0.148387
0.148387
0.148387
0.149462
0.150538
0.151613
0.154839
0.158065
0.163441
0.167742
0.170968
0.173118
0.175269
0.177419
0.180645
0.186022
0.193548
0.200000
0.206452
0.210753
0.213978
0.217204
0.219355
0.222581
0.224731
0.229032
0.232258
0.236559
0.238710
0.240860
0.239785
0.240860
0.241935
0.241935
0.241935
0.239785
0.239785
0.235484
0.234409
0.231183
0.227957
0.222581
0.217204
0.209677
0.206452
0.202151
0.195699
0.192473
0.184946
0.178495
0.169892
0.164516
0.156989
0.153763
0.150538
0.148387
0.146237
0.146237
0.146237
0.146237
0.147312
0.149462
0.150538
0.154839
0.159140
0.160215
0.162366
0.164516
0.165591
0.168817
0.173118
0.178495
0.181720
0.186022
0.189247
0.191398
0.195699
0.201075
0.207527
0.212903
0.218280
0.223656
0.226882
0.232258
0.234409
0.237634
0.239785
0.240860
0.241935
0.243011
0.239785
0.239785
0.237634
0.234409
0.230108
0.225806
0.220430
0.216129
0.210753
0.203226
0.195699
0.190323
0.184946
0.181720
0.177419
0.168817
0.164516
0.161290
0.155914
0.153763
0.150538
0.149462
0.146237
0.146237
0.147312
0.149462
0.152688
0.155914
0.160215
0.166667
0.173118
0.181720
0.190323
0.200000
0.209677
0.219355
0.226882
0.231183
0.236559
0.238710
0.239785
0.240860
0.241935
0.240860
0.237634
0.234409
0.233333
0.226882
0.223656
0.218280
0.212903
0.208602
0.205376
0.202151
0.198925
0.194624
0.192473
0.189247
0.184946
0.183871
0.180645
0.177419
0.172043
0.169892
0.165591
0.162366
0.162366
0.163441
0.163441
0.163441
0.163441
0.159140
0.156989
0.153763
0.153763
0.152688
0.151613
0.152688
0.152688
0.150538
0.150538
0.150538
0.149462
0.149462
0.149462
0.150538
0.149462
0.150538
0.148387
0.148387
0.148387
0.146237
0.146237
0.145161
0.145161
0.146237
0.146237
0.146237
0.146237
0.145161
0.146237
0.146237
0.146237
0.146237
0.146237
0.146237
0.148387
0.149462
0.150538
0.152688
0.153763
0.155914
0.159140
0.162366
0.166667
0.172043
0.176344
0.179570
0.184946
0.187097
0.190323
0.193548
0.195699
0.200000
0.202151
0.208602
0.211828
0.215054
0.219355
0.220430
0.224731
0.227957
0.231183
0.234409
0.236559
0.237634
0.238710
0.238710
0.241935
0.241935
0.240860
0.241935
0.240860
0.240860
0.241935
0.241935
0.239785
0.237634
0.234409
0.232258
0.230108
0.224731
0.222581
0.221505
0.217204
0.217204
0.213978
0.210753
0.209677
0.204301
0.200000
0.196774
0.190323
0.187097
0.182796
0.179570
0.176344
0.172043
0.170968
0.166667
0.163441
0.161290
0.159140
0.156989
0.154839
0.153763
0.151613
0.150538
0.148387
0.147312
0.147312
0.146237
0.146237
0.146237
0.145161
0.146237
0.147312
0.147312
0.148387
0.149462
0.150538
0.153763
0.155914
0.158065
0.161290
0.164516
0.166667
0.168817
0.170968
0.173118
0.176344
0.178495
0.181720
0.183871
0.184946
0.188172
0.188172
0.190323
0.192473
0.195699
0.198925
0.201075
0.203226
0.205376
0.206452
0.208602
0.211828
0.215054
0.220430
0.223656
0.229032
0.231183
0.233333
0.236559
0.237634
0.239785
0.238710
0.238710
0.239785
0.235484
0.234409
0.231183
0.225806
0.223656
0.218280
0.213978
0.208602
0.204301
0.198925
0.193548
0.186022
0.178495
0.170968
0.161290
0.152688
0.147312
0.144086
0.145161
0.147312
0.149462
0.153763
0.160215
0.167742
0.178495
0.189247
0.201075
0.212903
0.221505
0.229032
0.233333
0.236559
0.239785
0.239785
0.238710
0.236559
0.229032
0.222581
0.216129
0.210753
0.205376
0.197849
0.191398
0.173118
0.164516
0.156989
0.153763
0.149462
0.147312
0.145161
0.145161
0.144086
0.145161
0.145161
0.145161
0.146237
0.147312
0.147312
0.148387
0.149462
0.150538
0.152688
0.152688
0.152688
0.153763
0.154839
0.155914
0.158065
0.159140
0.159140
0.160215
0.161290
0.162366
0.162366
0.162366
0.162366
0.162366
0.163441
0.163441
0.162366
0.161290
0.159140
0.158065
0.155914
0.154839
0.154839
0.153763
0.153763
0.151613
0.150538
0.148387
0.147312
0.146237
0.144086
0.144086
0.144086
0.144086
0.144086
0.144086
0.144086
0.144086
0.144086
0.145161
0.144086
0.144086
0.144086
0.144086
0.143011
0.144086
0.144086
0.144086
0.144086
0.144086
0.143011
0.143011
0.144086
0.144086
0.143011
0.143011
0.143011
0.144086
0.144086
0.143011
0.143011
0.144086
0.144086
0.145161
0.145161
0.147312
0.148387
0.150538
0.153763
0.156989
0.160215
0.165591
0.170968
0.178495
0.184946
0.191398
0.197849
0.202151
0.206452
0.210753
0.212903
0.217204
0.221505
0.225806
0.231183
0.233333
0.236559
0.237634
0.237634
0.237634
0.236559
0.236559
0.237634
0.236559
0.235484
0.233333
0.233333
0.230108
0.230108
0.229032
0.227957
0.222581
0.219355
0.218280
0.215054
0.212903
0.211828
0.209677
0.207527
0.204301
0.202151
0.198925
0.193548
0.192473
0.191398
0.188172
0.186022
0.181720
0.176344
0.175269
0.169892
0.166667
0.165591
0.162366
0.160215
0.158065
0.154839
0.150538
0.148387
0.146237
0.145161
0.144086
0.144086
0.144086
0.144086
0.143011
0.144086
0.143011
0.144086
0.146237
0.147312
0.150538
0.151613
0.153763
0.156989
0.159140
0.163441
0.165591
0.168817
0.170968
0.172043
0.174194
0.176344
0.180645
0.186022
0.193548
0.200000
0.205376
0.208602
0.209677
0.211828
0.213978
0.218280
0.223656
0.229032
0.232258
0.236559
0.237634
0.239785
0.238710
0.239785
0.237634
0.234409
0.231183
0.227957
0.223656
0.220430
0.216129
0.211828
0.206452
0.198925
0.189247
0.180645
0.173118
0.168817
0.160215
0.155914
0.151613
0.148387
0.147312
0.145161
0.145161
0.146237
0.151613
0.158065
0.164516
0.172043
0.178495
0.187097
0.195699
0.204301
0.213978
0.221505
0.229032
0.233333
0.236559
0.237634
0.236559
0.233333
0.230108
0.221505
0.215054
0.207527
0.198925
0.188172
0.179570
0.167742
0.158065
0.152688
0.146237
0.145161
0.145161
0.147312
0.150538
0.155914
0.162366
0.172043
0.180645
0.190323
0.200000
0.215054
0.222581
0.226882
0.231183
0.235484
0.237634
0.238710
0.240860
0.239785
0.237634
0.237634
0.234409
0.233333
0.229032
0.227957
0.225806
0.224731
0.221505
0.219355
0.217204
0.215054
0.211828
0.209677
0.207527
0.204301
0.202151
0.197849
0.196774
0.191398
0.188172
0.184946
0.182796
0.179570
0.175269
0.170968
0.167742
0.162366
0.155914
0.153763
0.150538
0.148387
0.147312
0.147312
0.149462
0.151613
0.155914
0.160215
0.165591
0.173118
0.181720
0.191398
0.200000
0.209677
0.217204
0.224731
0.230108
0.235484
0.238710
0.239785
0.239785
0.236559
0.231183
0.226882
0.222581
0.216129
0.210753
0.204301
0.197849
0.188172
0.181720
0.176344
0.173118
0.169892
0.164516
0.160215
0.156989
0.153763
0.152688
0.151613
0.151613
0.150538
0.149462
0.149462
0.148387
0.149462
0.149462
0.148387
0.148387
0.148387
0.149462
0.149462
0.151613
0.152688
0.154839
0.158065
0.161290
0.164516
0.168817
0.173118
0.179570
0.187097
0.194624
0.204301
0.211828
0.219355
0.225806
0.231183
0.235484
0.238710
0.239785
0.239785
0.238710
0.235484
0.234409
0.231183
0.226882
0.222581
0.218280
0.212903
0.204301
0.196774
0.192473
0.189247
0.182796
0.175269
0.169892
0.161290
0.155914
0.150538
0.149462
0.148387
0.148387
0.149462
0.152688
0.155914
0.163441
0.169892
0.179570
0.187097
0.193548
0.200000
0.206452
0.215054
0.223656
0.233333
0.239785
0.241935
0.243011
0.241935
0.239785
0.235484
0.231183
0.226882
0.218280
0.208602
0.197849
0.187097
0.176344
0.166667
0.158065
0.151613
0.148387
0.149462
0.152688
0.158065
0.164516
0.169892
0.176344
0.183871
0.194624
0.205376
0.219355
0.229032
0.235484
0.238710
0.240860
0.239785
0.241935
0.243011
0.239785
0.237634
0.235484
0.232258
0.226882
0.223656
0.221505
0.216129
0.211828
0.203226
0.196774
0.192473
0.186022
0.181720
0.176344
0.173118
0.168817
0.163441
0.159140
0.154839
0.152688
0.151613
0.148387
0.147312
0.145161
0.145161
0.144086
0.145161
0.147312
0.148387
0.150538
0.151613
0.152688
0.154839
0.156989
0.160215
0.162366
0.165591
0.168817
0.173118
0.176344
0.180645
0.183871
0.189247
0.193548
0.197849
0.202151
0.204301
0.205376
0.206452
0.209677
0.210753
0.213978
0.217204
0.219355
0.222581
0.223656
0.224731
0.225806
0.226882
0.226882
0.227957
0.230108
0.233333
0.234409
0.235484
0.237634
0.236559
0.237634
0.239785
0.240860
