0.522581
0.477419
0.439785
0.407527
0.384946
0.376344
0.388172
0.417204
0.455914
0.495699
0.532258
0.566667
0.596774
0.618280
0.631183
0.635484
0.634409
0.621505
0.598925
0.572043
0.539785
0.503226
0.458065
0.422581
0.394624
0.380645
0.381720
0.395699
0.420430
0.455914
0.493548
0.534409
0.574194
0.610753
0.633333
0.632258
0.618280
0.590323
0.560215
0.523656
0.486022
0.446237
0.409677
0.381720
0.379570
0.394624
0.429032
0.472043
0.517204
0.563441
0.601075
0.627957
0.637634
0.632258
0.609677
0.573118
0.533333
0.487097
0.435484
0.395699
0.377419
0.386021
0.415054
0.460215
0.509677
0.553763
0.604301
0.631183
0.637634
0.617204
0.586021
0.541936
0.493548
0.439785
0.395699
0.379570
0.386021
0.416129
0.456989
0.502151
0.546237
0.588172
0.618280
0.637634
0.636559
0.620430
0.592473
0.550538
0.501075
0.448387
0.404301
0.382796
0.379570
0.391398
0.411828
0.443011
0.481720
0.526882
0.569892
0.607527
0.630108
0.638710
0.629032
0.610753
0.583871
0.555914
0.519355
0.483871
0.446237
0.418280
0.395699
0.379570
0.379570
0.390323
0.416129
0.452688
0.494624
0.537634
0.579570
0.610753
0.631183
0.636559
0.630108
0.601075
0.566667
0.521505
0.470968
0.416129
0.384946
0.379570
0.397849
0.432258
0.475269
0.520430
0.568817
0.610753
0.633333
0.634409
0.618280
0.589247
0.549462
0.501075
0.449462
0.403226
0.382796
0.380645
0.396774
0.423656
0.456989
0.495699
0.536559
0.580645
0.615054
0.633333
0.635484
0.624731
0.598925
0.565591
0.525806
0.481720
0.435484
0.401075
0.382796
0.380645
0.392473
0.415054
0.444086
0.477419
0.508602
0.541936
0.575269
0.609677
0.629032
0.637634
0.635484
0.617204
0.593548
0.565591
0.531183
0.500000
0.461290
0.425806
0.396774
0.381720
0.380645
0.389247
0.405376
0.426882
0.456989
0.491398
0.530107
0.572043
0.607527
0.630108
0.640860
0.634409
0.620430
0.593548
0.568817
0.534409
0.498925
0.458065
0.418280
0.391398
0.380645
0.381720
0.391398
0.404301
0.423656
0.449462
0.478495
0.508602
0.539785
0.568817
0.590323
0.607527
0.619355
0.629032
0.636559
0.639785
0.635484
0.626882
0.611828
0.592473
0.570968
0.546237
0.520430
0.490323
0.460215
0.431183
0.406452
0.391398
0.381720
0.378495
0.382796
0.393548
0.410753
0.430108
0.458065
0.489247
0.521505
0.551613
0.576344
0.595699
0.613979
0.627957
0.637634
0.638710
0.634409
0.620430
0.575269
0.556989
0.526882
0.503226
0.474194
0.443011
0.419355
0.400000
0.383871
0.379570
0.379570
0.384946
0.392473
0.405376
0.420430
0.438710
0.460215
0.479570
0.493548
0.506452
0.517204
0.531183
0.546237
0.563441
0.579570
0.596774
0.607527
0.617204
0.625806
0.630108
0.633333
0.636559
0.637634
0.636559
0.633333
0.630108
0.625806
0.617204
0.611828
0.603226
0.594624
0.583871
0.574194
0.559140
0.544086
0.532258
0.522581
0.508602
0.504301
0.504301
0.505376
0.505376
0.503226
0.494624
0.489247
0.482796
0.474194
0.469892
0.464516
0.460215
0.454839
0.452688
0.451613
0.453763
0.456989
0.461290
0.462366
0.465591
0.459140
0.456989
0.448387
0.443011
0.435484
0.431183
0.426882
0.423656
0.419355
0.415054
0.409677
0.404301
0.394624
0.387097
0.383871
0.380645
0.379570
0.377419
0.380645
0.384946
0.391398
0.398925
0.405376
0.415054
0.422581
0.433333
0.444086
0.459140
0.476344
0.494624
0.511828
0.526882
0.537634
0.550538
0.562366
0.573118
0.588172
0.600000
0.611828
0.621505
0.629032
0.635484
0.637634
0.637634
0.638710
0.638710
0.632258
0.627957
0.619355
0.612903
0.602151
0.595699
0.582796
0.570968
0.553763
0.541936
0.526882
0.515054
0.505376
0.491398
0.482796
0.472043
0.463441
0.450538
0.436559
0.420430
0.405376
0.393548
0.383871
0.380645
0.380645
0.380645
0.379570
0.380645
0.381720
0.384946
0.390323
0.396774
0.404301
0.411828
0.422581
0.433333
0.443011
0.451613
0.458065
0.464516
0.467742
0.467742
0.468817
0.468817
0.469892
0.473118
0.479570
0.491398
0.505376
0.520430
0.532258
0.537634
0.537634
0.531183
0.526882
0.524731
0.523656
0.527957
0.538710
0.552688
0.570968
0.589247
0.604301
0.615054
0.624731
0.631183
0.635484
0.639785
0.636559
0.636559
0.632258
0.625806
0.620430
0.607527
0.591398
0.572043
0.546237
0.524731
0.502151
0.481720
0.469892
0.454839
0.445161
0.433333
0.416129
0.397849
0.384946
0.378495
0.380645
0.389247
0.398925
0.413978
0.431183
0.449462
0.468817
0.488172
0.509677
0.532258
0.556989
0.579570
0.604301
0.623656
0.635484
0.639785
0.636559
0.619355
0.604301
0.582796
0.563441
0.546237
0.523656
0.503226
0.477419
0.448387
0.424731
0.406452
0.394624
0.384946
0.380645
0.380645
0.381720
0.388172
0.392473
0.398925
0.407527
0.419355
0.432258
0.450538
0.469892
0.491398
0.512903
0.534409
0.554839
0.576344
0.589247
0.603226
0.622581
0.630108
0.637634
0.636559
0.635484
0.634409
0.624731
0.616129
0.608602
0.596774
0.587097
0.570968
0.555914
0.538710
0.522581
0.507527
0.486022
0.468817
0.451613
0.437634
0.426882
0.412903
0.404301
0.392473
0.387097
0.381720
0.379570
0.379570
0.384946
0.392473
0.402151
0.415054
0.432258
0.447312
0.462366
0.478495
0.494624
0.511828
0.525806
0.537634
0.550538
0.559140
0.567742
0.577419
0.589247
0.598925
0.607527
0.611828
0.618280
0.622581
0.624731
0.625806
0.624731
0.626882
0.627957
0.631183
0.635484
0.635484
0.638710
0.638710
0.636559
0.639785
0.639785
0.637634
0.635484
0.635484
0.632258
0.633333
0.627957
0.627957
0.623656
0.621505
0.619355
0.617204
0.611828
0.610753
0.608602
0.606452
0.601075
0.598925
0.596774
0.591398
0.588172
0.583871
0.583871
0.581720
0.578495
0.572043
0.573118
0.574194
0.577419
0.579570
0.582796
0.582796
0.582796
0.582796
0.581720
0.578495
0.581720
0.581720
0.584946
0.581720
0.580645
0.572043
0.575269
0.575269
0.573118
0.574194
0.572043
0.572043
0.568817
0.565591
0.556989
0.550538
0.548387
0.544086
0.544086
0.543011
0.545161
0.545161
0.544086
0.540860
0.535484
0.529032
0.527957
0.524731
0.524731
0.527957
0.527957
0.529032
0.534409
0.531183
0.527957
0.527957
0.529032
0.533333
0.539785
0.539785
0.541936
0.544086
0.545161
0.545161
0.546237
0.545161
0.550538
0.549462
0.556989
0.558065
0.555914
0.561290
0.564516
0.566667
0.573118
0.579570
0.587097
0.594624
0.595699
0.601075
0.605376
0.612903
0.618280
0.625806
0.632258
0.637634
0.640860
0.637634
0.633333
0.627957
0.620430
0.609677
0.596774
0.581720
0.564516
0.547312
0.525806
0.505376
0.481720
0.456989
0.434409
0.415054
0.401075
0.390323
0.384946
0.379570
0.379570
0.379570
0.383871
0.392473
0.405376
0.424731
0.440860
0.456989
0.472043
0.487097
0.505376
0.517204
0.533333
0.546237
0.558065
0.569892
0.576344
0.590323
0.602151
0.611828
0.620430
0.627957
0.633333
0.634409
0.635484
0.638710
0.639785
0.638710
0.636559
0.635484
0.633333
0.624731
0.615054
0.603226
0.591398
0.582796
0.575269
0.565591
0.558065
0.547312
0.535484
0.521505
0.509677
0.498925
0.489247
0.479570
0.470968
0.459140
0.446237
0.433333
0.421505
0.411828
0.404301
0.400000
0.395699
0.392473
0.386021
0.382796
0.378495
0.378495
0.382796
0.389247
0.392473
0.398925
0.404301
0.412903
0.434409
0.449462
0.465591
0.483871
0.495699
0.506452
0.513978
0.523656
0.537634
0.549462
0.561290
0.568817
0.579570
0.591398
0.600000
0.613979
0.624731
0.634409
0.637634
0.638710
0.635484
0.626882
0.616129
0.602151
0.579570
0.554839
0.526882
0.498925
0.469892
0.441935
0.419355
0.400000
0.387097
0.380645
0.380645
0.390323
0.410753
0.444086
0.478495
0.511828
0.539785
0.566667
0.589247
0.612903
0.629032
0.637634
0.636559
0.624731
0.605376
0.583871
0.562366
0.539785
0.519355
0.496774
0.473118
0.448387
0.423656
0.403226
0.389247
0.380645
0.379570
0.386021
0.396774
0.413978
0.437634
0.463441
0.495699
0.524731
0.552688
0.574194
0.600000
0.617204
0.631183
0.638710
0.639785
0.638710
0.634409
0.629032
0.619355
0.606452
0.591398
0.573118
0.553763
0.532258
0.509677
0.489247
0.472043
0.458065
0.447312
0.438710
0.432258
0.424731
0.417204
0.408602
0.400000
0.391398
0.386021
0.382796
0.381720
0.379570
0.378495
0.378495
0.378495
0.379570
0.383871
0.383871
0.392473
0.397849
0.408602
0.415054
0.426882
0.438710
0.450538
0.464516
0.475269
0.486022
0.500000
0.511828
0.529032
0.544086
0.563441
0.576344
0.593548
0.607527
0.615054
0.626882
0.627957
0.633333
0.636559
0.637634
0.633333
0.627957
0.616129
0.598925
0.581720
0.564516
0.546237
0.526882
0.507527
0.486022
0.464516
0.444086
0.425806
0.410753
0.397849
0.389247
0.383871
0.381720
0.380645
0.379570
0.387097
0.396774
0.411828
0.432258
0.451613
0.473118
0.492473
0.516129
0.532258
0.549462
0.564516
0.579570
0.595699
0.612903
0.622581
0.632258
0.637634
0.638710
0.633333
0.623656
0.607527
0.589247
0.569892
0.551613
0.534409
0.516129
0.494624
0.469892
0.444086
0.420430
0.402151
0.388172
0.381720
0.378495
0.382796
0.393548
0.405376
0.424731
0.445161
0.470968
0.504301
0.531183
0.554839
0.578495
0.600000
0.616129
0.629032
0.636559
0.639785
0.637634
0.629032
0.615054
0.592473
0.566667
0.535484
0.507527
0.481720
0.458065
0.437634
0.419355
0.403226
0.390323
0.380645
0.379570
0.383871
0.397849
0.413978
0.431183
0.460215
0.497849
0.530107
0.562366
0.591398
0.618280
0.633333
0.636559
0.630108
0.615054
0.590323
0.560215
0.529032
0.497849
0.466667
0.436559
0.410753
0.392473
0.380645
0.379570
0.389247
0.408602
0.435484
0.463441
0.492473
0.516129
0.541936
0.562366
0.583871
0.598925
0.616129
0.627957
