3 -276 0
2 -277 -20000
2 -277 0
2 -277 0
2 -277 0
1 -278 -20000
2 -277 20000
2 -277 0
2 -277 0
3 -276 20000
5 -274 40000
2 -277 -60000
2 -277 0
0 -279 -40000
0 -279 0
1 -278 20000
2 -277 20000
2 -277 0
0 -279 -40000
2 -277 40000
0 -279 -40000
1 -278 20000
2 -277 20000
0 -279 -40000
2 -277 40000
2 -277 0
2 -277 0
1 -278 -20000
1 -278 0
2 -277 20000
1 -278 -20000
1 -278 0
1 -278 0
0 -279 -20000
1 -278 20000
1 -278 0
2 -277 20000
1 -278 -20000
2 -277 20000
1 -278 -20000
0 -279 -20000
1 -278 20000
1 -278 0
0 -279 -20000
1 -278 20000
1 -278 0
1 -278 0
1 -278 0
0 -279 -20000
1 -278 20000
1 -278 0
1 -278 0
1 -278 0
0 -279 -20000
1 -278 20000
1 -278 0
0 -279 -20000
0 -279 0
0 -279 0
1 -278 20000
1 -278 0
0 -279 -20000
0 -279 0
0 -279 0
0 -279 0
0 -279 0
0 -279 0
0 -279 0
0 -279 0
0 -279 0
0 -279 0
0 -279 0
0 -279 0
0 -279 0
0 -279 0
0 -279 0
0 -279 0
0 -279 0
0 -279 0
0 -279 0
0 -279 0
0 -279 0
0 -279 0
0 -279 0
0 -279 0
0 -279 0
0 -279 0
0 -279 0
0 -279 0
0 -279 0
0 -279 0
0 -279 0
1 -278 20000
0 -279 -20000
0 -279 0
0 -279 0
0 -279 0
0 -279 0
0 -279 0
0 -279 0
0 -279 0
0 -279 0
0 -279 0
0 -279 0
0 -279 0
0 -279 0
0 -279 0
0 -279 0
0 -279 0
0 -279 0
0 -279 0
0 -279 0
0 -279 0
0 -279 0
0 -279 0
0 -279 0
0 -279 0
0 -279 0
0 -279 0
0 -279 0
0 -279 0
0 -279 0
0 -279 0
0 -279 0
0 -279 0
0 -279 0
0 -279 0
0 -279 0
0 -279 0
0 -279 0
0 -279 0
0 -279 0
0 -279 0
0 -279 0
0 -279 0
0 -279 0
0 -279 0
0 -279 0
0 -279 0
0 -279 0
0 -279 0
0 -279 0
0 -279 0
0 -279 0
0 -279 0
0 -279 0
0 -279 0
0 -279 0
0 -279 0
0 -279 0
0 -279 0
0 -279 0
0 -279 0
0 -279 0
0 -279 0
0 -279 0
0 -279 0
0 -279 0
0 -279 0
0 -279 0
0 -279 0
0 -279 0
0 -279 0
0 -279 0
0 -279 0
0 -279 0
0 -279 0
0 -279 0
0 -279 0
0 -279 0
0 -279 0
0 -279 0
0 -279 0
0 -279 0
0 -279 0
0 -279 0
0 -279 0
0 -279 0
0 -279 0
0 -279 0
0 -279 0
0 -279 0
0 -279 0
0 -279 0
0 -279 0
0 -279 0
0 -279 0
0 -279 0
0 -279 0
0 -279 0
0 -279 0
0 -279 0
0 -279 0
0 -279 0
0 -279 0
0 -279 0
0 -279 0
0 -279 0
0 -279 0
0 -279 0
3 -276 0
0 -279 -60000
3 -276 60000
3 -276 0
3 -276 0
3 -276 0
0 -279 -60000
3 -276 60000
3 -276 0
3 -276 0
3 -276 0
0 -279 -60000
3 -276 60000
4 -275 20000
3 -276 -20000
3 -276 0
0 -279 -60000
3 -276 60000
3 -276 0
3 -276 0
3 -276 0
0 -279 -60000
3 -276 60000
4 -275 20000
3 -276 -20000
3 -276 0
0 -279 -60000
3 -276 60000
3 -276 0
3 -276 0
3 -276 0
0 -279 -60000
3 -276 60000
3 -276 0
3 -276 0
3 -276 0
0 -279 -60000
3 -276 60000
3 -276 0
3 -276 0
2 -277 -20000
0 -279 -40000
2 -277 40000
10 -269 160000
2 -277 -160000
0 -279 -40000
8 -271 160000
2 -277 -120000
2 -277 0
2 -277 0
2 -277 0
0 -279 -40000
1 -278 20000
1 -278 0
1 -278 0
2 -277 20000
0 -279 -40000
1 -278 20000
1 -278 0
1 -278 0
1 -278 0
0 -279 -20000
0 -279 0
1 -278 20000
1 -278 0
0 -279 -20000
0 -279 0
1 -278 20000
0 -279 -20000
0 -279 0
0 -279 0
0 -279 0
0 -279 0
0 -279 0
0 -279 0
0 -279 0
0 -279 0
0 -279 0
0 -279 0
0 -279 0
0 -279 0
0 -279 0
0 -279 0
0 -279 0
0 -279 0
0 -279 0
0 -279 0
0 -279 0
0 -279 0
0 -279 0
0 -279 0
0 -279 0
0 -279 0
0 -279 0
0 -279 0
0 -279 0
0 -279 0
0 -279 0
0 -279 0
0 -279 0
0 -279 0
0 -279 0
0 -279 0
0 -279 0
0 -279 0
0 -279 0
0 -279 0
0 -279 0
0 -279 0
0 -279 0
0 -279 0
0 -279 0
0 -279 0
0 -279 0
0 -279 0
0 -279 0
0 -279 0
0 -279 0
0 -279 0
0 -279 0
0 -279 0
0 -279 0
0 -279 0
0 -279 0
0 -279 0
0 -279 0
0 -279 0
0 -279 0
0 -279 0
0 -279 0
0 -279 0
0 -279 0
0 -279 0
0 -279 0
0 -279 0
0 -279 0
0 -279 0
0 -279 0
0 -279 0
0 -279 0
0 -279 0
0 -279 0
0 -279 0
0 -279 0
0 -279 0
0 -279 0
0 -279 0
0 -279 0
0 -279 0
0 -279 0
0 -279 0
0 -279 0
0 -279 0
0 -279 0
0 -279 0
0 -279 0
0 -279 0
0 -279 0
0 -279 0
0 -279 0
0 -279 0
0 -279 0
0 -279 0
0 -279 0
0 -279 0
0 -279 0
0 -279 0
0 -279 0
0 -279 0
0 -279 0
0 -279 0
0 -279 0
0 -279 0
0 -279 0
0 -279 0
0 -279 0
0 -279 0
0 -279 0
0 -279 0
0 -279 0
0 -279 0
0 -279 0
0 -279 0
0 -279 0
0 -279 0
0 -279 0
0 -279 0
0 -279 0
0 -279 0
0 -279 0
0 -279 0
0 -279 0
0 -279 0
0 -279 0
0 -279 0
0 -279 0
0 -279 0
0 -279 0
0 -279 0
0 -279 0
3 -276 0
3 -276 0
3 -276 0
3 -276 0
0 -279 -60000
2 -277 40000
3 -276 20000
3 -276 0
3 -276 0
0 -279 -60000
3 -276 60000
3 -276 0
3 -276 0
3 -276 0
0 -279 -60000
4 -275 80000
3 -276 -20000
1 -278 -40000
0 -279 -20000
9 -270 180000
3 -276 -120000
3 -276 0
3 -276 0
3 -276 0
0 -279 -60000
3 -276 60000
3 -276 0
3 -276 0
3 -276 0
0 -279 -60000
3 -276 60000
3 -276 0
3 -276 0
4 -275 20000
0 -279 -80000
2 -277 40000
12 -267 200000
3 -276 -180000
3 -276 0
0 -279 -60000
3 -276 60000
3 -276 0
3 -276 0
3 -276 0
0 -279 -60000
3 -276 60000
3 -276 0
3 -276 0
3 -276 0
0 -279 -60000
3 -276 60000
3 -276 0
3 -276 0
3 -276 0
1 -278 -40000
2 -277 20000
2 -277 0
2 -277 0
2 -277 0
0 -279 -40000
2 -277 40000
1 -278 -20000
1 -278 0
1 -278 0
0 -279 -20000
2 -277 40000
9 -270 140000
2 -277 -140000
1 -278 -20000
0 -279 -20000
1 -278 20000
1 -278 0
1 -278 0
1 -278 0
0 -279 -20000
0 -279 0
0 -279 0
1 -278 20000
1 -278 0
0 -279 -20000
0 -279 0
0 -279 0
0 -279 0
0 -279 0
0 -279 0
0 -279 0
0 -279 0
0 -279 0
0 -279 0
0 -279 0
0 -279 0
0 -279 0
0 -279 0
0 -279 0
0 -279 0
0 -279 0
0 -279 0
0 -279 0
0 -279 0
0 -279 0
0 -279 0
0 -279 0
0 -279 0
0 -279 0
0 -279 0
0 -279 0
0 -279 0
0 -279 0
0 -279 0
0 -279 0
0 -279 0
0 -279 0
0 -279 0
0 -279 0
0 -279 0
0 -279 0
0 -279 0
3 -276 60000
0 -279 -60000
0 -279 0
0 -279 0
0 -279 0
0 -279 0
0 -279 0
0 -279 0
0 -279 0
0 -279 0
0 -279 0
0 -279 0
0 -279 0
0 -279 0
0 -279 0
0 -279 0
0 -279 0
0 -279 0
0 -279 0
0 -279 0
0 -279 0
0 -279 0
0 -279 0
0 -279 0
0 -279 0
0 -279 0
0 -279 0
0 -279 0
0 -279 0
0 -279 0
0 -279 0
0 -279 0
0 -279 0
0 -279 0
0 -279 0
0 -279 0
0 -279 0
0 -279 0
0 -279 0
0 -279 0
0 -279 0
0 -279 0
0 -279 0
0 -279 0
0 -279 0
0 -279 0
0 -279 0
0 -279 0
0 -279 0
0 -279 0
0 -279 0
0 -279 0
0 -279 0
0 -279 0
0 -279 0
0 -279 0
0 -279 0
0 -279 0
0 -279 0
0 -279 0
0 -279 0
0 -279 0
0 -279 0
0 -279 0
0 -279 0
0 -279 0
0 -279 0
0 -279 0
0 -279 0
0 -279 0
0 -279 0
0 -279 0
0 -279 0
0 -279 0
0 -279 0
0 -279 0
0 -279 0
0 -279 0
0 -279 0
0 -279 0
0 -279 0
0 -279 0
0 -279 0
2 -277 0
0 -279 -40000
2 -277 40000
12 -267 200000
2 -277 -200000
2 -277 0
0 -279 -40000
2 -277 40000
5 -274 60000
3 -276 -40000
1 -278 -40000
3 -276 40000
2 -277 -20000
6 -273 80000
2 -277 -80000
2 -277 0
0 -279 -40000
2 -277 40000
2 -277 0
2 -277 0
2 -277 0
3 -276 20000
2 -277 -20000
0 -279 -40000
2 -277 40000
2 -277 0
3 -276 20000
3 -276 0
2 -277 -20000
2 -277 0
2 -277 0
0 -279 -40000
3 -276 60000
2 -277 -20000
3 -276 20000
2 -277 -20000
2 -277 0
3 -276 20000
2 -277 -20000
3 -276 20000
3 -276 0
6 -273 60000
3 -276 -60000
2 -277 -20000
3 -276 20000
3 -276 0
0 -279 -60000
3 -276 60000
3 -276 0
3 -276 0
3 -276 0
0 -279 -60000
2 -277 40000
4 -275 40000
3 -276 -20000
2 -277 -20000
3 -276 20000
3 -276 0
2 -277 -20000
3 -276 20000
4 -275 20000
0 -279 -80000
3 -276 60000
3 -276 0
3 -276 0
3 -276 0
0 -279 -60000
3 -276 60000
3 -276 0
2 -277 -20000
2 -277 0
0 -279 -40000
2 -277 40000
8 -271 120000
3 -276 -100000
3 -276 0
0 -279 -60000
3 -276 60000
2 -277 -20000
3 -276 20000
3 -276 0
0 -279 -60000
3 -276 60000
3 -276 0
3 -276 0
3 -276 0
0 -279 -60000
3 -276 60000
3 -276 0
3 -276 0
2 -277 -20000
1 -278 -20000
3 -276 40000
10 -269 140000
3 -276 -140000
3 -276 0
0 -279 -60000
3 -276 60000
3 -276 0
3 -276 0
3 -276 0
0 -279 -60000
2 -277 40000
3 -276 20000
3 -276 0
3 -276 0
0 -279 -60000
2 -277 40000
3 -276 20000
3 -276 0
3 -276 0
0 -279 -60000
3 -276 60000
3 -276 0
2 -277 -20000
1 -278 -20000
9 -270 160000
2 -277 -140000
2 -277 0
2 -277 0
2 -277 0
0 -279 -40000
2 -277 40000
2 -277 0
2 -277 0
2 -277 0
0 -279 -40000
2 -277 40000
11 -268 180000
2 -277 -180000
2 -277 0
0 -279 -40000
1 -278 20000
2 -277 20000
1 -278 -20000
0 -279 -20000
3 -276 60000
3 -276 0
1 -278 -40000
1 -278 0
1 -278 0
0 -279 -20000
1 -278 20000
1 -278 0
1 -278 0
1 -278 0
0 -279 -20000
1 -278 20000
1 -278 0
1 -278 0
1 -278 0
0 -279 -20000
0 -279 0
1 -278 20000
1 -278 0
1 -278 0
0 -279 -20000
0 -279 0
1 -278 20000
1 -278 0
0 -279 -20000
1 -278 20000
0 -279 -20000
1 -278 20000
0 -279 -20000
0 -279 0
0 -279 0
0 -279 0
0 -279 0
0 -279 0
0 -279 0
0 -279 0
1 -278 20000
0 -279 -20000
0 -279 0
0 -279 0
0 -279 0
0 -279 0
0 -279 0
0 -279 0
0 -279 0
0 -279 0
0 -279 0
0 -279 0
0 -279 0
0 -279 0
0 -279 0
0 -279 0
0 -279 0
0 -279 0
0 -279 0
0 -279 0
0 -279 0
0 -279 0
0 -279 0
0 -279 0
0 -279 0
0 -279 0
0 -279 0
0 -279 0
0 -279 0
0 -279 0
0 -279 0
0 -279 0
0 -279 0
0 -279 0
0 -279 0
0 -279 0
0 -279 0
0 -279 0
0 -279 0
0 -279 0
0 -279 0
0 -279 0
0 -279 0
0 -279 0
0 -279 0
0 -279 0
0 -279 0
2 -277 40000
0 -279 -40000
0 -279 0
0 -279 0
0 -279 0
0 -279 0
0 -279 0
0 -279 0
0 -279 0
0 -279 0
0 -279 0
0 -279 0
0 -279 0
0 -279 0
0 -279 0
0 -279 0
0 -279 0
0 -279 0
0 -279 0
0 -279 0
0 -279 0
0 -279 0
0 -279 0
0 -279 0
0 -279 0
0 -279 0
0 -279 0
0 -279 0
0 -279 0
0 -279 0
0 -279 0
0 -279 0
0 -279 0
0 -279 0
0 -279 0
0 -279 0
0 -279 0
0 -279 0
0 -279 0
0 -279 0
0 -279 0
0 -279 0
0 -279 0
0 -279 0
0 -279 0
0 -279 0
0 -279 0
0 -279 0
0 -279 0
0 -279 0
0 -279 0
0 -279 0
0 -279 0
0 -279 0
0 -279 0
0 -279 0
0 -279 0
0 -279 0
0 -279 0
0 -279 0
0 -279 0
0 -279 0
0 -279 0
0 -279 0
1 -278 20000
1 -278 0
0 -279 -20000
0 -279 0
1 -278 20000
1 -278 0
1 -278 0
1 -278 0
0 -279 -20000
1 -278 20000
2 -277 20000
1 -278 -20000
1 -278 0
0 -279 -20000
1 -278 20000
2 -277 20000
2 -277 0
2 -277 0
0 -279 -40000
2 -277 40000
11 -268 180000
2 -277 -180000
2 -277 0
0 -279 -40000
2 -277 40000
13 -266 220000
2 -277 -220000
1 -278 -20000
3 -276 40000
2 -277 -20000
2 -277 0
2 -277 0
2 -277 0
0 -279 -40000
2 -277 40000
5 -274 60000
2 -277 -60000
2 -277 0
0 -279 -40000
2 -277 40000
0 -279 -40000
2 -277 40000
2 -277 0
2 -277 0
2 -277 0
1 -278 -20000
2 -277 20000
2 -277 0
3 -276 20000
2 -277 -20000
7 -272 100000
2 -277 -100000
2 -277 0
3 -276 20000
2 -277 -20000
6 -273 80000
3 -276 -60000
2 -277 -20000
1 -278 -20000
2 -277 20000
4 -275 40000
2 -277 -40000
2 -277 0
2 -277 0
2 -277 0
2 -277 0
2 -277 0
2 -277 0
0 -279 -40000
2 -277 40000
3 -276 20000
3 -276 0
2 -277 -20000
2 -277 0
2 -277 0
2 -277 0
3 -276 20000
3 -276 0
0 -279 -60000
3 -276 60000
3 -276 0
3 -276 0
3 -276 0
0 -279 -60000
3 -276 60000
2 -277 -20000
0 -279 -40000
1 -278 20000
0 -279 -20000
2 -277 40000
5 -274 60000
3 -276 -40000
1 -278 -40000
3 -276 40000
3 -276 0
2 -277 -20000
3 -276 20000
3 -276 0
0 -279 -60000
3 -276 60000
3 -276 0
3 -276 0
2 -277 -20000
4 -275 40000
3 -276 -20000
0 -279 -60000
3 -276 60000
3 -276 0
2 -277 -20000
3 -276 20000
3 -276 0
3 -276 0
3 -276 0
0 -279 -60000
3 -276 60000
3 -276 0
3 -276 0
3 -276 0
2 -277 -20000
6 -273 80000
2 -277 -80000
2 -277 0
3 -276 20000
2 -277 -20000
7 -272 100000
2 -277 -100000
2 -277 0
2 -277 0
2 -277 0
5 -274 60000
2 -277 -60000
1 -278 -20000
1 -278 0
2 -277 20000
1 -278 -20000
2 -277 20000
2 -277 0
0 -279 -40000
2 -277 40000
0 -279 -40000
2 -277 40000
2 -277 0
3 -276 20000
2 -277 -20000
0 -279 -40000
0 -279 0
2 -277 40000
0 -279 -40000
3 -276 60000
0 -279 -60000
2 -277 40000
2 -277 0
2 -277 0
2 -277 0
5 -274 60000
1 -278 -80000
2 -277 20000
3 -276 20000
2 -277 -20000
0 -279 -40000
2 -277 40000
2 -277 0
2 -277 0
2 -277 0
1 -278 -20000
2 -277 20000
2 -277 0
1 -278 -20000
2 -277 20000
1 -278 -20000
2 -277 20000
2 -277 0
0 -279 -40000
2 -277 40000
5 -274 60000
2 -277 -60000
1 -278 -20000
1 -278 0
1 -278 0
1 -278 0
2 -277 20000
1 -278 -20000
2 -277 20000
2 -277 0
2 -277 0
2 -277 0
2 -277 0
0 -279 -40000
1 -278 20000
1 -278 0
1 -278 0
1 -278 0
0 -279 -20000
1 -278 20000
1 -278 0
1 -278 0
1 -278 0
0 -279 -20000
1 -278 20000
1 -278 0
1 -278 0
1 -278 0
0 -279 -20000
0 -279 0
1 -278 20000
1 -278 0
0 -279 -20000
0 -279 0
0 -279 0
0 -279 0
0 -279 0
0 -279 0
0 -279 0
0 -279 0
0 -279 0
0 -279 0
0 -279 0
0 -279 0
0 -279 0
0 -279 0
0 -279 0
0 -279 0
0 -279 0
0 -279 0
0 -279 0
0 -279 0
0 -279 0
0 -279 0
0 -279 0
0 -279 0
0 -279 0
0 -279 0
0 -279 0
0 -279 0
0 -279 0
0 -279 0
0 -279 0
0 -279 0
0 -279 0
0 -279 0
0 -279 0
0 -279 0
0 -279 0
0 -279 0
0 -279 0
0 -279 0
0 -279 0
0 -279 0
0 -279 0
0 -279 0
0 -279 0
0 -279 0
0 -279 0
0 -279 0
0 -279 0
0 -279 0
0 -279 0
0 -279 0
0 -279 0
0 -279 0
0 -279 0
0 -279 0
0 -279 0
0 -279 0
0 -279 0
0 -279 0
0 -279 0
0 -279 0
0 -279 0
0 -279 0
0 -279 0
0 -279 0
0 -279 0
0 -279 0
0 -279 0
0 -279 0
0 -279 0
0 -279 0
0 -279 0
0 -279 0
0 -279 0
0 -279 0
0 -279 0
0 -279 0
0 -279 0
0 -279 0
0 -279 0
0 -279 0
0 -279 0
0 -279 0
0 -279 0
0 -279 0
0 -279 0
0 -279 0
0 -279 0
0 -279 0
0 -279 0
0 -279 0
0 -279 0
0 -279 0
0 -279 0
0 -279 0
0 -279 0
0 -279 0
0 -279 0
0 -279 0
0 -279 0
0 -279 0
0 -279 0
0 -279 0
0 -279 0
0 -279 0
0 -279 0
0 -279 0
0 -279 0
0 -279 0
0 -279 0
1 -278 0
0 -279 -20000
0 -279 0
1 -278 20000
1 -278 0
1 -278 0
0 -279 -20000
1 -278 20000
1 -278 0
1 -278 0
1 -278 0
0 -279 -20000
1 -278 20000
2 -277 20000
1 -278 -20000
1 -278 0
0 -279 -20000
2 -277 40000
12 -267 200000
1 -278 -220000
0 -279 -20000
3 -276 60000
2 -277 -20000
3 -276 20000
3 -276 0
2 -277 -20000
3 -276 20000
2 -277 -20000
1 -278 -20000
2 -277 20000
1 -278 -20000
1 -278 0
2 -277 20000
2 -277 0
2 -277 0
2 -277 0
0 -279 -40000
2 -277 40000
0 -279 -40000
2 -277 40000
2 -277 0
3 -276 20000
2 -277 -20000
6 -273 80000
2 -277 -80000
2 -277 0
2 -277 0
2 -277 0
2 -277 0
2 -277 0
2 -277 0
0 -279 -40000
2 -277 40000
0 -279 -40000
2 -277 40000
3 -276 20000
3 -276 0
2 -277 -20000
0 -279 -40000
2 -277 40000
2 -277 0
3 -276 20000
2 -277 -20000
0 -279 -40000
3 -276 60000
3 -276 0
2 -277 -20000
2 -277 0
6 -273 80000
3 -276 -60000
2 -277 -20000
1 -278 -20000
2 -277 20000
5 -274 60000
3 -276 -40000
3 -276 0
3 -276 0
2 -277 -20000
7 -272 100000
3 -276 -80000
2 -277 -20000
0 -279 -40000
2 -277 40000
3 -276 20000
3 -276 0
3 -276 0
3 -276 0
2 -277 -20000
0 -279 -40000
2 -277 40000
2 -277 0
3 -276 20000
2 -277 -20000
0 -279 -40000
2 -277 40000
2 -277 0
3 -276 20000
2 -277 -20000
0 -279 -40000
3 -276 60000
3 -276 0
3 -276 0
2 -277 -20000
0 -279 -40000
3 -276 60000
2 -277 -20000
0 -279 -40000
2 -277 40000
2 -277 0
2 -277 0
3 -276 20000
3 -276 0
2 -277 -20000
2 -277 0
2 -277 0
2 -277 0
3 -276 20000
2 -277 -20000
2 -277 0
3 -276 20000
2 -277 -20000
3 -276 20000
2 -277 -20000
3 -276 20000
3 -276 0
3 -276 0
0 -279 -60000
2 -277 40000
11 -268 180000
3 -276 -160000
2 -277 -20000
1 -278 -20000
3 -276 40000
0 -279 -60000
2 -277 40000
2 -277 0
3 -276 20000
3 -276 0
2 -277 -20000
2 -277 0
3 -276 20000
3 -276 0
2 -277 -20000
2 -277 0
3 -276 20000
4 -275 20000
0 -279 -80000
2 -277 40000
0 -279 -40000
3 -276 60000
2 -277 -20000
1 -278 -20000
3 -276 40000
0 -279 -60000
1 -278 20000
3 -276 40000
0 -279 -60000
2 -277 40000
0 -279 -40000
2 -277 40000
2 -277 0
3 -276 20000
3 -276 0
6 -273 60000
3 -276 -60000
3 -276 0
3 -276 0
3 -276 0
2 -277 -20000
2 -277 0
3 -276 20000
0 -279 -60000
2 -277 40000
11 -268 180000
2 -277 -180000
3 -276 20000
0 -279 -60000
2 -277 40000
4 -275 40000
3 -276 -20000
3 -276 0
3 -276 0
2 -277 -20000
6 -273 80000
3 -276 -60000
3 -276 0
0 -279 -60000
3 -276 60000
2 -277 -20000
2 -277 0
3 -276 20000
0 -279 -60000
3 -276 60000
3 -276 0
3 -276 0
3 -276 0
0 -279 -60000
3 -276 60000
3 -276 0
3 -276 0
2 -277 0
1 -278 -20000
0 -279 -20000
1 -278 20000
1 -278 0
1 -278 0
2 -277 20000
0 -279 -40000
1 -278 20000
1 -278 0
1 -278 0
1 -278 0
0 -279 -20000
1 -278 20000
1 -278 0
1 -278 0
1 -278 0
0 -279 -20000
1 -278 20000
1 -278 0
1 -278 0
1 -278 0
0 -279 -20000
1 -278 20000
1 -278 0
1 -278 0
1 -278 0
0 -279 -20000
0 -279 0
1 -278 20000
0 -279 -20000
0 -279 0
0 -279 0
1 -278 20000
1 -278 0
1 -278 0
0 -279 -20000
2 -277 40000
0 -279 -40000
7 -272 140000
0 -279 -140000
0 -279 0
0 -279 0
0 -279 0
0 -279 0
0 -279 0
0 -279 0
0 -279 0
0 -279 0
0 -279 0
0 -279 0
0 -279 0
0 -279 0
0 -279 0
0 -279 0
0 -279 0
0 -279 0
0 -279 0
0 -279 0
0 -279 0
0 -279 0
0 -279 0
0 -279 0
0 -279 0
0 -279 0
0 -279 0
0 -279 0
0 -279 0
0 -279 0
0 -279 0
0 -279 0
0 -279 0
0 -279 0
0 -279 0
0 -279 0
0 -279 0
0 -279 0
0 -279 0
0 -279 0
0 -279 0
0 -279 0
0 -279 0
0 -279 0
0 -279 0
0 -279 0
0 -279 0
0 -279 0
0 -279 0
0 -279 0
0 -279 0
0 -279 0
0 -279 0
0 -279 0
0 -279 0
0 -279 0
0 -279 0
0 -279 0
0 -279 0
0 -279 0
0 -279 0
0 -279 0
0 -279 0
0 -279 0
0 -279 0
0 -279 0
0 -279 0
0 -279 0
0 -279 0
0 -279 0
0 -279 0
0 -279 0
0 -279 0
0 -279 0
0 -279 0
0 -279 0
0 -279 0
0 -279 0
0 -279 0
0 -279 0
0 -279 0
0 -279 0
0 -279 0
0 -279 0
0 -279 0
0 -279 0
0 -279 0
0 -279 0
0 -279 0
0 -279 0
0 -279 0
0 -279 0
0 -279 0
0 -279 0
0 -279 0
0 -279 0
0 -279 0
0 -279 0
0 -279 0
0 -279 0
0 -279 0
0 -279 0
0 -279 0
0 -279 0
0 -279 0
0 -279 0
0 -279 0
0 -279 0
0 -279 0
0 -279 0
0 -279 0
0 -279 0
0 -279 0
0 -279 0
0 -279 0
0 -279 0
0 -279 0
0 -279 0
0 -279 0
0 -279 0
0 -279 0
0 -279 0
0 -279 0
0 -279 0
0 -279 0
0 -279 0
0 -279 0
0 -279 0
0 -279 0
0 -279 0
0 -279 0
0 -279 0
0 -279 0
0 -279 0
0 -279 0
0 -279 0
0 -279 0
0 -279 0
0 -279 0
0 -279 0
0 -279 0
0 -279 0
0 -279 0
0 -279 0
0 -279 0
0 -279 0
0 -279 0
0 -279 0
0 -279 0
0 -279 0
0 -279 0
0 -279 0
0 -279 0
0 -279 0
0 -279 0
0 -279 0
0 -279 0
0 -279 0
0 -279 0
0 -279 0
0 -279 0
1 -278 0
2 -277 20000
0 -279 -40000
1 -278 20000
1 -278 0
1 -278 0
1 -278 0
0 -279 -20000
1 -278 20000
1 -278 0
1 -278 0
1 -278 0
0 -279 -20000
0 -279 0
1 -278 20000
1 -278 0
1 -278 0
0 -279 -20000
0 -279 0
2 -277 40000
0 -279 -40000
0 -279 0
0 -279 0
1 -278 20000
1 -278 0
0 -279 -20000
0 -279 0
0 -279 0
0 -279 0
0 -279 0
0 -279 0
0 -279 0
0 -279 0
0 -279 0
0 -279 0
1 -278 20000
0 -279 -20000
0 -279 0
0 -279 0
0 -279 0
0 -279 0
0 -279 0
0 -279 0
0 -279 0
0 -279 0
0 -279 0
0 -279 0
0 -279 0
0 -279 0
0 -279 0
0 -279 0
0 -279 0
0 -279 0
0 -279 0
0 -279 0
0 -279 0
0 -279 0
0 -279 0
0 -279 0
0 -279 0
0 -279 0
0 -279 0
0 -279 0
0 -279 0
0 -279 0
0 -279 0
0 -279 0
0 -279 0
0 -279 0
0 -279 0
0 -279 0
0 -279 0
0 -279 0
0 -279 0
0 -279 0
0 -279 0
0 -279 0
0 -279 0
0 -279 0
0 -279 0
0 -279 0
0 -279 0
0 -279 0
0 -279 0
0 -279 0
0 -279 0
0 -279 0
0 -279 0
0 -279 0
0 -279 0
0 -279 0
0 -279 0
0 -279 0
0 -279 0
0 -279 0
0 -279 0
0 -279 0
0 -279 0
0 -279 0
0 -279 0
0 -279 0
0 -279 0
0 -279 0
0 -279 0
0 -279 0
0 -279 0
0 -279 0
0 -279 0
0 -279 0
0 -279 0
0 -279 0
0 -279 0
0 -279 0
0 -279 0
0 -279 0
0 -279 0
0 -279 0
0 -279 0
0 -279 0
0 -279 0
0 -279 0
0 -279 0
0 -279 0
0 -279 0
0 -279 0
0 -279 0
0 -279 0
0 -279 0
0 -279 0
0 -279 0
0 -279 0
0 -279 0
0 -279 0
0 -279 0
0 -279 0
0 -279 0
0 -279 0
0 -279 0
0 -279 0
0 -279 0
0 -279 0
0 -279 0
0 -279 0
0 -279 0
0 -279 0
0 -279 0
0 -279 0
0 -279 0
0 -279 0
0 -279 0
0 -279 0
0 -279 0
0 -279 0
0 -279 0
0 -279 0
0 -279 0
0 -279 0
0 -279 0
0 -279 0
0 -279 0
0 -279 0
0 -279 0
0 -279 0
0 -279 0
0 -279 0
0 -279 0
0 -279 0
0 -279 0
0 -279 0
0 -279 0
0 -279 0
0 -279 0
0 -279 0
0 -279 0
0 -279 0
0 -279 0
0 -279 0
0 -279 0
0 -279 0
0 -279 0
0 -279 0
0 -279 0
0 -279 0
0 -279 0
0 -279 0
0 -279 0
0 -279 0
0 -279 0
0 -279 0
0 -279 0
0 -279 0
0 -279 0
0 -279 0
0 -279 0
0 -279 0
0 -279 0
0 -279 0
0 -279 0
0 -279 0
0 -279 0
2 -277 0
1 -278 -20000
0 -279 -20000
4 -275 80000
1 -278 -60000
1 -278 0
1 -278 0
1 -278 0
0 -279 -20000
1 -278 20000
1 -278 0
1 -278 0
1 -278 0
0 -279 -20000
1 -278 20000
1 -278 0
1 -278 0
1 -278 0
0 -279 -20000
1 -278 20000
1 -278 0
1 -278 0
0 -279 -20000
0 -279 0
1 -278 20000
1 -278 0
0 -279 -20000
0 -279 0
0 -279 0
0 -279 0
0 -279 0
0 -279 0
0 -279 0
0 -279 0
0 -279 0
0 -279 0
0 -279 0
0 -279 0
0 -279 0
0 -279 0
0 -279 0
0 -279 0
0 -279 0
0 -279 0
0 -279 0
0 -279 0
0 -279 0
0 -279 0
0 -279 0
0 -279 0
0 -279 0
0 -279 0
0 -279 0
0 -279 0
0 -279 0
0 -279 0
0 -279 0
0 -279 0
0 -279 0
0 -279 0
0 -279 0
0 -279 0
0 -279 0
0 -279 0
0 -279 0
0 -279 0
0 -279 0
0 -279 0
0 -279 0
0 -279 0
0 -279 0
0 -279 0
0 -279 0
0 -279 0
0 -279 0
0 -279 0
0 -279 0
0 -279 0
0 -279 0
0 -279 0
0 -279 0
0 -279 0
0 -279 0
0 -279 0
0 -279 0
0 -279 0
0 -279 0
0 -279 0
0 -279 0
0 -279 0
0 -279 0
0 -279 0
0 -279 0
0 -279 0
0 -279 0
0 -279 0
0 -279 0
0 -279 0
0 -279 0
0 -279 0
0 -279 0
0 -279 0
0 -279 0
0 -279 0
0 -279 0
0 -279 0
0 -279 0
0 -279 0
0 -279 0
0 -279 0
0 -279 0
0 -279 0
0 -279 0
0 -279 0
0 -279 0
0 -279 0
0 -279 0
0 -279 0
0 -279 0
0 -279 0
0 -279 0
0 -279 0
0 -279 0
0 -279 0
0 -279 0
0 -279 0
0 -279 0
0 -279 0
0 -279 0
0 -279 0
0 -279 0
0 -279 0
0 -279 0
0 -279 0
0 -279 0
0 -279 0
0 -279 0
0 -279 0
0 -279 0
0 -279 0
0 -279 0
0 -279 0
0 -279 0
0 -279 0
0 -279 0
0 -279 0
0 -279 0
0 -279 0
0 -279 0
0 -279 0
0 -279 0
0 -279 0
0 -279 0
0 -279 0
0 -279 0
0 -279 0
0 -279 0
0 -279 0
0 -279 0
0 -279 0
0 -279 0
0 -279 0
0 -279 0
0 -279 0
0 -279 0
0 -279 0
0 -279 0
0 -279 0
0 -279 0
0 -279 0
0 -279 0
0 -279 0
0 -279 0
0 -279 0
0 -279 0
0 -279 0
0 -279 0
0 -279 0
0 -279 0
0 -279 0
0 -279 0
0 -279 0
0 -279 0
0 -279 0
0 -279 0
0 -279 0
0 -279 0
0 -279 0
0 -279 0
0 -279 0
0 -279 0
0 -279 0
0 -279 0
0 -279 0
0 -279 0
0 -279 0
0 -279 0
0 -279 0
0 -279 0
0 -279 0
1 -278 0
1 -278 0
1 -278 0
1 -278 0
0 -279 -20000
1 -278 20000
1 -278 0
0 -279 -20000
0 -279 0
0 -279 0
1 -278 20000
1 -278 0
0 -279 -20000
0 -279 0
0 -279 0
0 -279 0
0 -279 0
0 -279 0
0 -279 0
0 -279 0
0 -279 0
0 -279 0
0 -279 0
0 -279 0
0 -279 0
0 -279 0
0 -279 0
0 -279 0
0 -279 0
0 -279 0
0 -279 0
0 -279 0
0 -279 0
0 -279 0
0 -279 0
0 -279 0
0 -279 0
0 -279 0
0 -279 0
0 -279 0
0 -279 0
0 -279 0
0 -279 0
0 -279 0
0 -279 0
0 -279 0
0 -279 0
0 -279 0
0 -279 0
0 -279 0
0 -279 0
0 -279 0
0 -279 0
0 -279 0
0 -279 0
0 -279 0
0 -279 0
0 -279 0
0 -279 0
0 -279 0
0 -279 0
0 -279 0
0 -279 0
0 -279 0
0 -279 0
0 -279 0
0 -279 0
0 -279 0
0 -279 0
0 -279 0
0 -279 0
0 -279 0
0 -279 0
0 -279 0
0 -279 0
0 -279 0
0 -279 0
0 -279 0
0 -279 0
0 -279 0
0 -279 0
0 -279 0
0 -279 0
0 -279 0
0 -279 0
0 -279 0
0 -279 0
0 -279 0
0 -279 0
0 -279 0
0 -279 0
0 -279 0
0 -279 0
0 -279 0
0 -279 0
0 -279 0
0 -279 0
0 -279 0
0 -279 0
0 -279 0
0 -279 0
0 -279 0
0 -279 0
0 -279 0
0 -279 0
0 -279 0
0 -279 0
0 -279 0
0 -279 0
0 -279 0
0 -279 0
0 -279 0
0 -279 0
0 -279 0
0 -279 0
0 -279 0
0 -279 0
0 -279 0
0 -279 0
0 -279 0
0 -279 0
0 -279 0
0 -279 0
0 -279 0
0 -279 0
0 -279 0
0 -279 0
0 -279 0
0 -279 0
0 -279 0
0 -279 0
0 -279 0
0 -279 0
0 -279 0
0 -279 0
0 -279 0
0 -279 0
0 -279 0
0 -279 0
0 -279 0
0 -279 0
0 -279 0
0 -279 0
0 -279 0
0 -279 0
0 -279 0
0 -279 0
0 -279 0
0 -279 0
0 -279 0
0 -279 0
0 -279 0
0 -279 0
0 -279 0
0 -279 0
0 -279 0
0 -279 0
0 -279 0
0 -279 0
0 -279 0
0 -279 0
0 -279 0
0 -279 0
0 -279 0
0 -279 0
0 -279 0
0 -279 0
0 -279 0
0 -279 0
0 -279 0
0 -279 0
0 -279 0
0 -279 0
0 -279 0
0 -279 0
0 -279 0
0 -279 0
0 -279 0
0 -279 0
0 -279 0
0 -279 0
0 -279 0
0 -279 0
0 -279 0
0 -279 0
0 -279 0
0 -279 0
0 -279 0
0 -279 0
0 -279 0
0 -279 0
0 -279 0
0 -279 0
0 -279 0
0 -279 0
0 -279 0
0 -279 0
0 -279 0
0 -279 0
0 -279 0
0 -279 0
0 -279 0
0 -279 0
0 -279 0
0 -279 0
0 -279 0
0 -279 0
0 -279 0
0 -279 0
0 -279 0
0 -279 0
0 -279 0
0 -279 0
0 -279 0
0 -279 0
0 -279 0
0 -279 0
0 -279 0
0 -279 0
0 -279 0
0 -279 0
0 -279 0
0 -279 0
0 -279 0
0 -279 0
0 -279 0
0 -279 0
0 -279 0
0 -279 0
0 -279 0
0 -279 0
0 -279 0
0 -279 0
0 -279 0
0 -279 0
0 -279 0
0 -279 0
0 -279 0
0 -279 0
0 -279 0
0 -279 0
0 -279 0
0 -279 0
0 -279 0
0 -279 0
0 -279 0
0 -279 0
0 -279 0
0 -279 0
0 -279 0
0 -279 0
0 -279 0
0 -279 0
0 -279 0
0 -279 0
0 -279 0
0 -279 0
0 -279 0
0 -279 0
0 -279 0
0 -279 0
0 -279 0
0 -279 0
0 -279 0
0 -279 0
0 -279 0
0 -279 0
0 -279 0
0 -279 0
0 -279 0
0 -279 0
0 -279 0
0 -279 0
0 -279 0
0 -279 0
0 -279 0
0 -279 0
0 -279 0
0 -279 0
0 -279 0
0 -279 0
0 -279 0
0 -279 0
0 -279 0
0 -279 0
0 -279 0
0 -279 0
0 -279 0
0 -279 0
0 -279 0
0 -279 0
0 -279 0
0 -279 0
0 -279 0
0 -279 0
0 -279 0
0 -279 0
0 -279 0
0 -279 0
0 -279 0
0 -279 0
0 -279 0
0 -279 0
0 -279 0
0 -279 0
0 -279 0
0 -279 0
0 -279 0
0 -279 0
0 -279 0
0 -279 0
0 -279 0
0 -279 0
0 -279 0
0 -279 0
0 -279 0
0 -279 0
0 -279 0
0 -279 0
0 -279 0
0 -279 0
0 -279 0
0 -279 0
0 -279 0
0 -279 0
0 -279 0
0 -279 0
0 -279 0
0 -279 0
0 -279 0
0 -279 0
0 -279 0
0 -279 0
0 -279 0
0 -279 0
0 -279 0
0 -279 0
0 -279 0
0 -279 0
0 -279 0
0 -279 0
0 -279 0
0 -279 0
0 -279 0
0 -279 0
0 -279 0
0 -279 0
0 -279 0
0 -279 0
0 -279 0
0 -279 0
0 -279 0
0 -279 0
0 -279 0
0 -279 0
0 -279 0
0 -279 0
0 -279 0
0 -279 0
0 -279 0
0 -279 0
0 -279 0
0 -279 0
0 -279 0
0 -279 0
0 -279 0
0 -279 0
0 -279 0
0 -279 0
0 -279 0
0 -279 0
0 -279 0
0 -279 0
0 -279 0
0 -279 0
1 -278 20000
0 -279 -20000
0 -279 0
0 -279 0
0 -279 0
0 -279 0
0 -279 0
0 -279 0
0 -279 0
0 -279 0
0 -279 0
0 -279 0
0 -279 0
0 -279 0
0 -279 0
0 -279 0
0 -279 0
0 -279 0
0 -279 0
0 -279 0
0 -279 0
0 -279 0
0 -279 0
0 -279 0
0 -279 0
0 -279 0
0 -279 0
0 -279 0
0 -279 0
0 -279 0
0 -279 0
0 -279 0
0 -279 0
0 -279 0
0 -279 0
0 -279 0
0 -279 0
0 -279 0
0 -279 0
0 -279 0
0 -279 0
0 -279 0
0 -279 0
0 -279 0
0 -279 0
0 -279 0
0 -279 0
0 -279 0
0 -279 0
0 -279 0
0 -279 0
0 -279 0
0 -279 0
0 -279 0
0 -279 0
0 -279 0
0 -279 0
0 -279 0
0 -279 0
0 -279 0
0 -279 0
0 -279 0
0 -279 0
0 -279 0
0 -279 0
0 -279 0
0 -279 0
0 -279 0
0 -279 0
0 -279 0
0 -279 0
0 -279 0
0 -279 0
0 -279 0
0 -279 0
0 -279 0
0 -279 0
0 -279 0
0 -279 0
0 -279 0
0 -279 0
0 -279 0
0 -279 0
0 -279 0
0 -279 0
0 -279 0
0 -279 0
0 -279 0
0 -279 0
0 -279 0
0 -279 0
0 -279 0
0 -279 0
0 -279 0
0 -279 0
0 -279 0
0 -279 0
0 -279 0
0 -279 0
0 -279 0
0 -279 0
0 -279 0
0 -279 0
0 -279 0
0 -279 0
0 -279 0
0 -279 0
0 -279 0
0 -279 0
0 -279 0
0 -279 0
0 -279 0
0 -279 0
0 -279 0
0 -279 0
0 -279 0
0 -279 0
0 -279 0
0 -279 0
0 -279 0
0 -279 0
0 -279 0
0 -279 0
0 -279 0
0 -279 0
0 -279 0
0 -279 0
0 -279 0
0 -279 0
0 -279 0
0 -279 0
0 -279 0
0 -279 0
0 -279 0
0 -279 0
0 -279 0
0 -279 0
0 -279 0
0 -279 0
0 -279 0
0 -279 0
0 -279 0
0 -279 0
0 -279 0
0 -279 0
0 -279 0
0 -279 0
0 -279 0
0 -279 0
0 -279 0
0 -279 0
0 -279 0
0 -279 0
0 -279 0
0 -279 0
0 -279 0
0 -279 0
0 -279 0
0 -279 0
0 -279 0
0 -279 0
0 -279 0
0 -279 0
0 -279 0
0 -279 0
0 -279 0
0 -279 0
0 -279 0
0 -279 0
0 -279 0
0 -279 0
0 -279 0
0 -279 0
0 -279 0
0 -279 0
0 -279 0
0 -279 0
0 -279 0
0 -279 0
0 -279 0
0 -279 0
0 -279 0
0 -279 0
0 -279 0
0 -279 0
0 -279 0
0 -279 0
0 -279 0
0 -279 0
0 -279 0
0 -279 0
0 -279 0
0 -279 0
0 -279 0
0 -279 0
0 -279 0
0 -279 0
0 -279 0
0 -279 0
0 -279 0
0 -279 0
0 -279 0
0 -279 0
0 -279 0
0 -279 0
0 -279 0
0 -279 0
0 -279 0
0 -279 0
0 -279 0
0 -279 0
0 -279 0
0 -279 0
0 -279 0
0 -279 0
0 -279 0
1 -278 20000
1 -278 0
1 -278 0
0 -279 -20000
0 -279 0
1 -278 20000
1 -278 0
1 -278 0
0 -279 -20000
0 -279 0
0 -279 0
0 -279 0
0 -279 0
0 -279 0
0 -279 0
0 -279 0
0 -279 0
0 -279 0
0 -279 0
0 -279 0
0 -279 0
0 -279 0
0 -279 0
0 -279 0
0 -279 0
0 -279 0
0 -279 0
0 -279 0
0 -279 0
0 -279 0
0 -279 0
0 -279 0
0 -279 0
0 -279 0
0 -279 0
0 -279 0
0 -279 0
0 -279 0
0 -279 0
0 -279 0
0 -279 0
0 -279 0
0 -279 0
0 -279 0
0 -279 0
0 -279 0
0 -279 0
0 -279 0
0 -279 0
0 -279 0
0 -279 0
0 -279 0
0 -279 0
0 -279 0
0 -279 0
0 -279 0
0 -279 0
0 -279 0
0 -279 0
0 -279 0
0 -279 0
0 -279 0
0 -279 0
0 -279 0
0 -279 0
0 -279 0
0 -279 0
9 -270 180000
0 -279 -180000
0 -279 0
0 -279 0
0 -279 0
0 -279 0
0 -279 0
0 -279 0
0 -279 0
0 -279 0
0 -279 0
0 -279 0
0 -279 0
0 -279 0
0 -279 0
0 -279 0
0 -279 0
0 -279 0
0 -279 0
0 -279 0
0 -279 0
0 -279 0
0 -279 0
0 -279 0
0 -279 0
0 -279 0
0 -279 0
0 -279 0
0 -279 0
0 -279 0
0 -279 0
0 -279 0
0 -279 0
0 -279 0
0 -279 0
0 -279 0
0 -279 0
0 -279 0
0 -279 0
0 -279 0
0 -279 0
0 -279 0
0 -279 0
0 -279 0
0 -279 0
0 -279 0
0 -279 0
0 -279 0
0 -279 0
0 -279 0
0 -279 0
0 -279 0
0 -279 0
0 -279 0
0 -279 0
0 -279 0
0 -279 0
0 -279 0
0 -279 0
0 -279 0
0 -279 0
0 -279 0
0 -279 0
0 -279 0
0 -279 0
0 -279 0
0 -279 0
0 -279 0
0 -279 0
0 -279 0
0 -279 0
0 -279 0
0 -279 0
0 -279 0
0 -279 0
0 -279 0
0 -279 0
0 -279 0
0 -279 0
0 -279 0
0 -279 0
0 -279 0
0 -279 0
0 -279 0
0 -279 0
0 -279 0
0 -279 0
0 -279 0
0 -279 0
0 -279 0
0 -279 0
0 -279 0
0 -279 0
0 -279 0
0 -279 0
0 -279 0
0 -279 0
0 -279 0
0 -279 0
0 -279 0
0 -279 0
0 -279 0
0 -279 0
0 -279 0
0 -279 0
0 -279 0
0 -279 0
0 -279 0
0 -279 0
0 -279 0
0 -279 0
0 -279 0
0 -279 0
0 -279 0
0 -279 0
0 -279 0
0 -279 0
0 -279 0
0 -279 0
0 -279 0
0 -279 0
0 -279 0
0 -279 0
0 -279 0
0 -279 0
0 -279 0
0 -279 0
0 -279 0
0 -279 0
0 -279 0
0 -279 0
0 -279 0
0 -279 0
0 -279 0
0 -279 0
0 -279 0
0 -279 0
0 -279 0
0 -279 0
0 -279 0
0 -279 0
0 -279 0
0 -279 0
0 -279 0
0 -279 0
0 -279 0
0 -279 0
0 -279 0
0 -279 0
0 -279 0
0 -279 0
0 -279 0
0 -279 0
0 -279 0
0 -279 0
0 -279 0
0 -279 0
0 -279 0
0 -279 0
0 -279 0
0 -279 0
0 -279 0
0 -279 0
0 -279 0
0 -279 0
0 -279 0
0 -279 0
0 -279 0
0 -279 0
0 -279 0
0 -279 0
0 -279 0
0 -279 0
0 -279 0
0 -279 0
0 -279 0
0 -279 0
0 -279 0
0 -279 0
0 -279 0
0 -279 0
0 -279 0
0 -279 0
0 -279 0
0 -279 0
0 -279 0
0 -279 0
0 -279 0
0 -279 0
0 -279 0
0 -279 0
0 -279 0
0 -279 0
0 -279 0
0 -279 0
0 -279 0
0 -279 0
0 -279 0
0 -279 0
0 -279 0
0 -279 0
0 -279 0
0 -279 0
0 -279 0
0 -279 0
0 -279 0
0 -279 0
0 -279 0
0 -279 0
0 -279 0
0 -279 0
0 -279 0
0 -279 0
0 -279 0
0 -279 0
0 -279 0
0 -279 0
0 -279 0
0 -279 0
0 -279 0
0 -279 0
0 -279 0
0 -279 0
0 -279 0
0 -279 0
0 -279 0
0 -279 0
0 -279 0
0 -279 0
0 -279 0
0 -279 0
0 -279 0
0 -279 0
0 -279 0
0 -279 0
0 -279 0
0 -279 0
0 -279 0
0 -279 0
0 -279 0
0 -279 0
0 -279 0
0 -279 0
0 -279 0
0 -279 0
0 -279 0
0 -279 0
0 -279 0
0 -279 0
0 -279 0
0 -279 0
0 -279 0
0 -279 0
0 -279 0
0 -279 0
0 -279 0
0 -279 0
0 -279 0
0 -279 0
2 -277 40000
0 -279 -40000
5 -274 100000
0 -279 -100000
0 -279 0
0 -279 0
0 -279 0
0 -279 0
0 -279 0
1 -278 20000
0 -279 -20000
0 -279 0
0 -279 0
0 -279 0
1 -278 20000
0 -279 -20000
0 -279 0
0 -279 0
1 -278 20000
1 -278 0
1 -278 0
1 -278 0
0 -279 -20000
1 -278 20000
1 -278 0
1 -278 0
1 -278 0
0 -279 -20000
1 -278 20000
1 -278 0
1 -278 0
3 -276 40000
0 -279 -60000
2 -277 40000
2 -277 0
2 -277 0
0 -279 -40000
1 -278 20000
2 -277 20000
1 -278 -20000
0 -279 -20000
3 -276 60000
0 -279 -60000
2 -277 40000
4 -275 40000
2 -277 -40000
1 -278 -20000
3 -276 40000
3 -276 0
2 -277 -20000
2 -277 0
2 -277 0
0 -279 -40000
2 -277 40000
0 -279 -40000
3 -276 60000
3 -276 0
3 -276 0
2 -277 -20000
0 -279 -40000
2 -277 40000
2 -277 0
3 -276 20000
2 -277 -20000
6 -273 80000
2 -277 -80000
2 -277 0
3 -276 20000
2 -277 -20000
6 -273 80000
2 -277 -80000
2 -277 0
3 -276 20000
3 -276 0
2 -277 -20000
2 -277 0
2 -277 0
0 -279 -40000
3 -276 60000
2 -277 -20000
2 -277 0
2 -277 0
2 -277 0
