0 -279 0
0 -279 0
0 -279 0
0 -279 0
0 -279 0
0 -279 0
0 -279 0
0 -279 0
0 -279 0
0 -279 0
0 -279 0
0 -279 0
0 -279 0
0 -279 0
0 -279 0
0 -279 0
0 -279 0
0 -279 0
0 -279 0
0 -279 0
0 -279 0
0 -279 0
0 -279 0
0 -279 0
0 -279 0
0 -279 0
0 -279 0
0 -279 0
0 -279 0
0 -279 0
0 -279 0
0 -279 0
0 -279 0
0 -279 0
0 -279 0
0 -279 0
0 -279 0
0 -279 0
0 -279 0
0 -279 0
0 -279 0
0 -279 0
0 -279 0
0 -279 0
0 -279 0
0 -279 0
0 -279 0
0 -279 0
0 -279 0
0 -279 0
0 -279 0
0 -279 0
0 -279 0
0 -279 0
0 -279 0
0 -279 0
0 -279 0
0 -279 0
0 -279 0
0 -279 0
0 -279 0
0 -279 0
0 -279 0
0 -279 0
0 -279 0
0 -279 0
0 -279 0
0 -279 0
0 -279 0
0 -279 0
0 -279 0
0 -279 0
0 -279 0
0 -279 0
0 -279 0
0 -279 0
0 -279 0
0 -279 0
0 -279 0
0 -279 0
0 -279 0
0 -279 0
0 -279 0
0 -279 0
0 -279 0
0 -279 0
0 -279 0
0 -279 0
0 -279 0
0 -279 0
0 -279 0
0 -279 0
0 -279 0
0 -279 0
0 -279 0
0 -279 0
0 -279 0
0 -279 0
0 -279 0
0 -279 0
0 -279 0
0 -279 0
0 -279 0
0 -279 0
0 -279 0
0 -279 0
0 -279 0
0 -279 0
0 -279 0
0 -279 0
0 -279 0
0 -279 0
0 -279 0
0 -279 0
0 -279 0
0 -279 0
0 -279 0
0 -279 0
0 -279 0
0 -279 0
0 -279 0
0 -279 0
0 -279 0
0 -279 0
0 -279 0
0 -279 0
0 -279 0
0 -279 0
0 -279 0
0 -279 0
0 -279 0
0 -279 0
0 -279 0
0 -279 0
0 -279 0
0 -279 0
0 -279 0
0 -279 0
0 -279 0
0 -279 0
0 -279 0
0 -279 0
0 -279 0
0 -279 0
0 -279 0
0 -279 0
0 -279 0
0 -279 0
0 -279 0
0 -279 0
0 -279 0
0 -279 0
0 -279 0
0 -279 0
0 -279 0
0 -279 0
0 -279 0
1 -278 1000
1 -278 0
1 -278 0
1 -278 0
1 -278 0
1 -278 0
1 -278 0
2 -277 1000
2 -277 0
2 -277 0
2 -277 0
2 -277 0
2 -277 0
2 -277 0
3 -276 1000
2 -277 -1000
2 -277 0
2 -277 0
3 -276 1000
3 -276 0
3 -276 0
2 -277 -1000
3 -276 1000
3 -276 0
3 -276 0
3 -276 0
3 -276 0
3 -276 0
3 -276 0
3 -276 0
3 -276 0
3 -276 0
4 -275 1000
3 -276 -1000
3 -276 0
3 -276 0
3 -276 0
3 -276 0
4 -275 1000
3 -276 -1000
4 -275 1000
3 -276 -1000
3 -276 0
0 -279 0
0 -279 0
0 -279 0
0 -279 0
0 -279 0
0 -279 0
0 -279 0
0 -279 0
0 -279 0
0 -279 0
0 -279 0
0 -279 0
0 -279 0
0 -279 0
0 -279 0
0 -279 0
0 -279 0
0 -279 0
0 -279 0
0 -279 0
0 -279 0
0 -279 0
0 -279 0
0 -279 0
0 -279 0
0 -279 0
0 -279 0
0 -279 0
0 -279 0
0 -279 0
0 -279 0
0 -279 0
0 -279 0
0 -279 0
0 -279 0
0 -279 0
0 -279 0
0 -279 0
0 -279 0
0 -279 0
0 -279 0
0 -279 0
0 -279 0
0 -279 0
0 -279 0
0 -279 0
0 -279 0
0 -279 0
0 -279 0
0 -279 0
0 -279 0
0 -279 0
0 -279 0
0 -279 0
0 -279 0
0 -279 0
0 -279 0
0 -279 0
0 -279 0
0 -279 0
0 -279 0
0 -279 0
0 -279 0
0 -279 0
0 -279 0
0 -279 0
0 -279 0
0 -279 0
0 -279 0
0 -279 0
0 -279 0
0 -279 0
0 -279 0
0 -279 0
0 -279 0
0 -279 0
0 -279 0
0 -279 0
0 -279 0
0 -279 0
0 -279 0
0 -279 0
0 -279 0
0 -279 0
0 -279 0
0 -279 0
0 -279 0
0 -279 0
0 -279 0
0 -279 0
0 -279 0
0 -279 0
0 -279 0
0 -279 0
0 -279 0
0 -279 0
0 -279 0
0 -279 0
0 -279 0
0 -279 0
0 -279 0
0 -279 0
0 -279 0
0 -279 0
0 -279 0
0 -279 0
0 -279 0
0 -279 0
0 -279 0
0 -279 0
0 -279 0
0 -279 0
0 -279 0
0 -279 0
0 -279 0
0 -279 0
0 -279 0
0 -279 0
0 -279 0
0 -279 0
0 -279 0
0 -279 0
0 -279 0
0 -279 0
0 -279 0
0 -279 0
0 -279 0
0 -279 0
0 -279 0
0 -279 0
0 -279 0
0 -279 0
0 -279 0
0 -279 0
0 -279 0
0 -279 0
0 -279 0
0 -279 0
0 -279 0
0 -279 0
0 -279 0
1 -278 1000
1 -278 0
1 -278 0
1 -278 0
2 -277 1000
4 -275 2000
1 -278 -3000
2 -277 1000
1 -278 -1000
2 -277 1000
2 -277 0
2 -277 0
2 -277 0
2 -277 0
2 -277 0
3 -276 1000
2 -277 -1000
2 -277 0
3 -276 1000
2 -277 -1000
3 -276 1000
3 -276 0
3 -276 0
3 -276 0
3 -276 0
3 -276 0
3 -276 0
3 -276 0
4 -275 1000
3 -276 -1000
3 -276 0
3 -276 0
3 -276 0
3 -276 0
3 -276 0
3 -276 0
5 -274 2000
4 -275 -1000
3 -276 -1000
3 -276 0
4 -275 1000
3 -276 -1000
4 -275 1000
3 -276 -1000
3 -276 0
3 -276 0
3 -276 0
4 -275 1000
3 -276 -1000
2 -277 -1000
3 -276 1000
3 -276 0
3 -276 0
3 -276 0
3 -276 0
3 -276 0
3 -276 0
2 -277 -1000
2 -277 0
0 -279 0
0 -279 0
0 -279 0
0 -279 0
0 -279 0
0 -279 0
0 -279 0
0 -279 0
0 -279 0
0 -279 0
0 -279 0
0 -279 0
0 -279 0
0 -279 0
0 -279 0
0 -279 0
0 -279 0
0 -279 0
0 -279 0
0 -279 0
0 -279 0
0 -279 0
1 -278 1000
0 -279 -1000
0 -279 0
0 -279 0
0 -279 0
0 -279 0
0 -279 0
0 -279 0
0 -279 0
0 -279 0
0 -279 0
0 -279 0
0 -279 0
0 -279 0
0 -279 0
0 -279 0
0 -279 0
0 -279 0
0 -279 0
0 -279 0
0 -279 0
0 -279 0
0 -279 0
0 -279 0
0 -279 0
0 -279 0
0 -279 0
0 -279 0
0 -279 0
0 -279 0
0 -279 0
0 -279 0
0 -279 0
0 -279 0
0 -279 0
0 -279 0
0 -279 0
0 -279 0
0 -279 0
0 -279 0
0 -279 0
0 -279 0
0 -279 0
0 -279 0
0 -279 0
0 -279 0
0 -279 0
0 -279 0
0 -279 0
0 -279 0
0 -279 0
0 -279 0
0 -279 0
0 -279 0
0 -279 0
0 -279 0
0 -279 0
0 -279 0
0 -279 0
0 -279 0
0 -279 0
0 -279 0
0 -279 0
0 -279 0
0 -279 0
0 -279 0
0 -279 0
0 -279 0
0 -279 0
0 -279 0
0 -279 0
0 -279 0
0 -279 0
0 -279 0
0 -279 0
0 -279 0
0 -279 0
0 -279 0
0 -279 0
0 -279 0
0 -279 0
0 -279 0
0 -279 0
0 -279 0
0 -279 0
0 -279 0
0 -279 0
0 -279 0
0 -279 0
0 -279 0
0 -279 0
0 -279 0
0 -279 0
0 -279 0
1 -278 1000
1 -278 0
1 -278 0
1 -278 0
1 -278 0
1 -278 0
1 -278 0
2 -277 1000
2 -277 0
2 -277 0
2 -277 0
2 -277 0
2 -277 0
2 -277 0
2 -277 0
2 -277 0
3 -276 1000
2 -277 -1000
3 -276 1000
2 -277 -1000
3 -276 1000
3 -276 0
3 -276 0
3 -276 0
6 -273 3000
3 -276 -3000
3 -276 0
4 -275 1000
3 -276 -1000
3 -276 0
4 -275 1000
3 -276 -1000
3 -276 0
3 -276 0
3 -276 0
3 -276 0
4 -275 1000
3 -276 -1000
3 -276 0
3 -276 0
4 -275 1000
2 -277 -2000
3 -276 1000
3 -276 0
3 -276 0
3 -276 0
4 -275 1000
3 -276 -1000
4 -275 1000
2 -277 -2000
3 -276 1000
3 -276 0
3 -276 0
3 -276 0
2 -277 -1000
3 -276 1000
3 -276 0
3 -276 0
3 -276 0
2 -277 -1000
3 -276 1000
2 -277 -1000
3 -276 1000
2 -277 -1000
2 -277 0
2 -277 0
2 -277 0
2 -277 0
2 -277 0
1 -278 -1000
1 -278 0
1 -278 0
1 -278 0
1 -278 0
0 -279 -1000
1 -278 1000
1 -278 0
0 -279 -1000
0 -279 0
0 -279 0
0 -279 0
0 -279 0
0 -279 0
0 -279 0
0 -279 0
0 -279 0
0 -279 0
0 -279 0
0 -279 0
0 -279 0
0 -279 0
0 -279 0
0 -279 0
0 -279 0
0 -279 0
0 -279 0
0 -279 0
0 -279 0
0 -279 0
0 -279 0
0 -279 0
0 -279 0
0 -279 0
0 -279 0
0 -279 0
0 -279 0
0 -279 0
0 -279 0
0 -279 0
0 -279 0
0 -279 0
0 -279 0
0 -279 0
0 -279 0
0 -279 0
0 -279 0
0 -279 0
0 -279 0
0 -279 0
0 -279 0
0 -279 0
0 -279 0
0 -279 0
0 -279 0
0 -279 0
0 -279 0
0 -279 0
0 -279 0
0 -279 0
0 -279 0
0 -279 0
1 -278 1000
1 -278 0
1 -278 0
1 -278 0
1 -278 0
1 -278 0
2 -277 1000
2 -277 0
2 -277 0
2 -277 0
2 -277 0
2 -277 0
2 -277 0
2 -277 0
3 -276 1000
3 -276 0
3 -276 0
3 -276 0
3 -276 0
3 -276 0
4 -275 1000
4 -275 0
4 -275 0
4 -275 0
5 -274 1000
5 -274 0
5 -274 0
5 -274 0
5 -274 0
6 -273 1000
7 -272 1000
7 -272 0
7 -272 0
7 -272 0
8 -271 1000
8 -271 0
9 -270 1000
9 -270 0
10 -269 1000
10 -269 0
11 -268 1000
12 -267 1000
12 -267 0
12 -267 0
14 -265 2000
14 -265 0
15 -264 1000
16 -263 1000
18 -261 2000
19 -260 1000
21 -258 2000
21 -258 0
21 -258 0
20 -259 -1000
19 -260 -1000
18 -261 -1000
18 -261 0
17 -262 -1000
17 -262 0
19 -260 2000
20 -259 1000
23 -256 3000
24 -255 1000
28 -251 4000
35 -244 7000
43 -236 8000
52 -227 9000
60 -219 8000
70 -209 10000
80 -199 10000
88 -191 8000
97 -182 9000
107 -172 10000
116 -163 9000
126 -153 10000
134 -145 8000
142 -137 8000
146 -133 4000
150 -129 4000
159 -120 9000
167 -112 8000
170 -109 3000
175 -104 5000
178 -101 3000
185 -94 7000
190 -89 5000
194 -85 4000
198 -81 4000
204 -75 6000
207 -72 3000
211 -68 4000
214 -65 3000
216 -63 2000
218 -61 2000
224 -55 6000
228 -51 4000
233 -46 5000
234 -45 1000
235 -44 1000
240 -39 5000
243 -36 3000
245 -34 2000
246 -33 1000
247 -32 1000
248 -31 1000
250 -29 2000
253 -26 3000
253 -26 0
255 -24 2000
254 -25 -1000
256 -23 2000
257 -22 1000
257 -22 0
259 -20 2000
260 -19 1000
258 -21 -2000
260 -19 2000
261 -18 1000
260 -19 -1000
260 -19 0
260 -19 0
260 -19 0
262 -17 2000
262 -17 0
263 -16 1000
265 -14 2000
264 -15 -1000
263 -16 -1000
264 -15 1000
264 -15 0
265 -14 1000
264 -15 -1000
264 -15 0
265 -14 1000
266 -13 1000
264 -15 -2000
266 -13 2000
266 -13 0
266 -13 0
266 -13 0
267 -12 1000
269 -10 2000
269 -10 0
268 -11 -1000
268 -11 0
269 -10 1000
271 -8 2000
271 -8 0
271 -8 0
272 -7 1000
273 -6 1000
273 -6 0
273 -6 0
246 -33 0
246 -33 0
246 -33 0
249 -30 3000
252 -27 3000
252 -27 0
252 -27 0
254 -25 2000
253 -26 -1000
254 -25 1000
255 -24 1000
256 -23 1000
256 -23 0
265 -14 9000
265 -14 0
267 -12 2000
270 -9 3000
269 -10 -1000
273 -6 4000
274 -5 1000
274 -5 0
277 -2 3000
273 -6 -4000
277 -2 4000
278 -1 1000
277 -2 -1000
276 -3 -1000
279 0 3000
281 2 2000
277 -2 -4000
277 -2 0
277 -2 0
284 5 7000
282 3 -2000
281 2 -1000
282 3 1000
283 4 1000
284 5 1000
288 9 4000
287 8 -1000
288 9 1000
286 7 -2000
285 6 -1000
286 7 1000
283 4 -3000
286 7 3000
289 10 3000
290 11 1000
288 9 -2000
288 9 0
288 9 0
292 13 4000
297 18 5000
287 8 -10000
285 6 -2000
284 5 -1000
288 9 4000
286 7 -2000
284 5 -2000
285 6 1000
288 9 3000
289 10 1000
285 6 -4000
283 4 -2000
288 9 5000
289 10 1000
290 11 1000
287 8 -3000
284 5 -3000
284 5 0
290 11 6000
291 12 1000
285 6 -6000
283 4 -2000
289 10 6000
287 8 -2000
285 6 -2000
284 5 -1000
291 12 7000
286 7 -5000
288 9 2000
291 12 3000
287 8 -4000
290 11 3000
291 12 1000
289 10 -2000
290 11 1000
296 17 6000
293 14 -3000
291 12 -2000
296 17 5000
295 16 -1000
293 14 -2000
297 18 4000
298 19 1000
297 18 -1000
294 15 -3000
303 24 9000
299 20 -4000
298 19 -1000
298 19 0
304 25 6000
305 26 1000
309 30 4000
308 29 -1000
308 29 0
306 27 -2000
304 25 -2000
303 24 -1000
311 32 8000
309 30 -2000
304 25 -5000
303 24 -1000
311 32 8000
307 28 -4000
304 25 -3000
304 25 0
304 25 0
310 31 6000
309 30 -1000
305 26 -4000
303 24 -2000
301 22 -2000
302 23 1000
309 30 7000
307 28 -2000
302 23 -5000
307 28 5000
310 31 3000
305 26 -5000
306 27 1000
303 24 -3000
311 32 8000
310 31 -1000
305 26 -5000
308 29 3000
311 32 3000
307 28 -4000
303 24 -4000
305 26 2000
310 31 5000
309 30 -1000
305 26 -4000
305 26 0
308 29 3000
306 27 -2000
302 23 -4000
301 22 -1000
303 24 2000
308 29 5000
303 24 -5000
299 20 -4000
300 21 1000
304 25 4000
301 22 -3000
297 18 -4000
295 16 -2000
297 18 2000
304 25 7000
299 20 -5000
297 18 -2000
300 21 3000
305 26 5000
305 26 0
299 20 -6000
298 19 -1000
300 21 2000
303 24 3000
301 22 -2000
299 20 -2000
298 19 -1000
303 24 5000
304 25 1000
306 27 2000
304 25 -2000
303 24 -1000
301 22 -2000
301 22 0
306 27 5000
308 29 2000
305 26 -3000
300 21 -5000
300 21 0
300 21 0
306 27 6000
302 23 -4000
297 18 -5000
297 18 0
301 22 4000
302 23 1000
297 18 -5000
295 16 -2000
296 17 1000
300 21 4000
298 19 -2000
294 15 -4000
293 14 -1000
299 20 6000
298 19 -1000
297 18 -1000
337 58 0
342 63 5000
340 61 -2000
335 56 -5000
331 52 -4000
338 59 7000
335 56 -3000
333 54 -2000
330 51 -3000
334 55 4000
332 53 -2000
329 50 -3000
327 48 -2000
332 53 5000
324 45 -8000
325 46 1000
324 45 -1000
325 46 1000
319 40 -6000
315 36 -4000
318 39 3000
314 35 -4000
316 37 2000
312 33 -4000
314 35 2000
312 33 -2000
307 28 -5000
314 35 7000
310 31 -4000
307 28 -3000
311 32 4000
308 29 -3000
308 29 0
313 34 5000
307 28 -6000
309 30 2000
310 31 1000
308 29 -2000
309 30 1000
307 28 -2000
305 26 -2000
307 28 2000
306 27 -1000
310 31 4000
305 26 -5000
302 23 -3000
304 25 2000
303 24 -1000
299 20 -4000
302 23 3000
302 23 0
297 18 -5000
296 17 -1000
297 18 1000
293 14 -4000
297 18 4000
294 15 -3000
295 16 1000
294 15 -1000
298 19 4000
294 15 -4000
293 14 -1000
297 18 4000
295 16 -2000
296 17 1000
295 16 -1000
297 18 2000
298 19 1000
295 16 -3000
295 16 0
298 19 3000
294 15 -4000
298 19 4000
295 16 -3000
295 16 0
296 17 1000
293 14 -3000
296 17 3000
291 12 -5000
293 14 2000
290 11 -3000
289 10 -1000
290 11 1000
291 12 1000
286 7 -5000
290 11 4000
286 7 -4000
286 7 0
288 9 2000
285 6 -3000
283 4 -2000
282 3 -1000
285 6 3000
283 4 -2000
283 4 0
284 5 1000
281 2 -3000
284 5 3000
282 3 -2000
281 2 -1000
283 4 2000
281 2 -2000
280 1 -1000
283 4 3000
282 3 -1000
283 4 1000
286 7 3000
286 7 0
284 5 -2000
287 8 3000
283 4 -4000
285 6 2000
284 5 -1000
283 4 -1000
283 4 0
283 4 0
280 1 -3000
284 5 4000
281 2 -3000
282 3 1000
284 5 2000
281 2 -3000
280 1 -1000
284 5 4000
280 1 -4000
280 1 0
278 -1 -2000
280 1 2000
281 2 1000
278 -1 -3000
281 2 3000
278 -1 -3000
278 -1 0
279 0 1000
276 -3 -3000
280 1 4000
275 -4 -5000
279 0 4000
277 -2 -2000
277 -2 0
277 -2 0
276 -3 -1000
277 -2 1000
281 2 4000
278 -1 -3000
282 3 4000
282 3 0
283 4 1000
281 2 -2000
280 1 -1000
281 2 1000
278 -1 -3000
280 1 2000
279 0 -1000
281 2 2000
279 0 -2000
279 0 0
279 0 0
278 -1 -1000
278 -1 0
277 -2 -1000
281 2 4000
282 3 1000
283 4 1000
281 2 -2000
283 4 2000
281 2 -2000
281 2 0
280 1 -1000
281 2 1000
280 1 -1000
281 2 1000
278 -1 -3000
280 1 2000
277 -2 -3000
278 -1 1000
274 -5 -4000
278 -1 4000
276 -3 -2000
277 -2 1000
275 -4 -2000
276 -3 1000
274 -5 -2000
274 -5 0
273 -6 -1000
275 -4 2000
276 -3 1000
276 -3 0
275 -4 -1000
276 -3 1000
276 -3 0
276 -3 0
278 -1 2000
279 0 1000
277 -2 -2000
279 0 2000
276 -3 -3000
279 0 3000
278 -1 -1000
278 -1 0
235 -44 0
234 -45 -1000
234 -45 0
236 -43 2000
237 -42 1000
240 -39 3000
243 -36 3000
244 -35 1000
244 -35 0
246 -33 2000
246 -33 0
249 -30 3000
250 -29 1000
252 -27 2000
254 -25 2000
255 -24 1000
253 -26 -2000
255 -24 2000
254 -25 -1000
255 -24 1000
257 -22 2000
258 -21 1000
259 -20 1000
260 -19 1000
261 -18 1000
263 -16 2000
260 -19 -3000
259 -20 -1000
259 -20 0
260 -19 1000
257 -22 -3000
259 -20 2000
260 -19 1000
261 -18 1000
260 -19 -1000
259 -20 -1000
259 -20 0
258 -21 -1000
259 -20 1000
260 -19 1000
258 -21 -2000
262 -17 4000
261 -18 -1000
261 -18 0
263 -16 2000
265 -14 2000
263 -16 -2000
263 -16 0
264 -15 1000
264 -15 0
263 -16 -1000
265 -14 2000
266 -13 1000
265 -14 -1000
265 -14 0
266 -13 1000
267 -12 1000
267 -12 0
266 -13 -1000
267 -12 1000
266 -13 -1000
267 -12 1000
266 -13 -1000
267 -12 1000
267 -12 0
266 -13 -1000
266 -13 0
268 -11 2000
268 -11 0
268 -11 0
270 -9 2000
271 -8 1000
272 -7 1000
270 -9 -2000
272 -7 2000
269 -10 -3000
271 -8 2000
271 -8 0
270 -9 -1000
271 -8 1000
269 -10 -2000
271 -8 2000
270 -9 -1000
271 -8 1000
268 -11 -3000
269 -10 1000
270 -9 1000
269 -10 -1000
270 -9 1000
268 -11 -2000
270 -9 2000
268 -11 -2000
268 -11 0
266 -13 -2000
267 -12 1000
267 -12 0
266 -13 -1000
269 -10 3000
267 -12 -2000
269 -10 2000
269 -10 0
270 -9 1000
272 -7 2000
269 -10 -3000
272 -7 3000
268 -11 -4000
271 -8 3000
269 -10 -2000
269 -10 0
271 -8 2000
268 -11 -3000
269 -10 1000
270 -9 1000
267 -12 -3000
269 -10 2000
268 -11 -1000
267 -12 -1000
268 -11 1000
269 -10 1000
267 -12 -2000
269 -10 2000
267 -12 -2000
269 -10 2000
265 -14 -4000
269 -10 4000
265 -14 -4000
267 -12 2000
266 -13 -1000
267 -12 1000
269 -10 2000
265 -14 -4000
269 -10 4000
266 -13 -3000
269 -10 3000
265 -14 -4000
265 -14 0
265 -14 0
266 -13 1000
264 -15 -2000
266 -13 2000
267 -12 1000
267 -12 0
272 -7 5000
265 -14 -7000
269 -10 4000
264 -15 -5000
267 -12 3000
270 -9 3000
266 -13 -4000
269 -10 3000
267 -12 -2000
268 -11 1000
270 -9 2000
266 -13 -4000
268 -11 2000
270 -9 2000
267 -12 -3000
267 -12 0
270 -9 3000
266 -13 -4000
270 -9 4000
266 -13 -4000
268 -11 2000
267 -12 -1000
267 -12 0
271 -8 4000
266 -13 -5000
270 -9 4000
266 -13 -4000
268 -11 2000
267 -12 -1000
268 -11 1000
272 -7 4000
267 -12 -5000
273 -6 6000
268 -11 -5000
271 -8 3000
268 -11 -3000
272 -7 4000
269 -10 -3000
268 -11 -1000
271 -8 3000
271 -8 0
272 -7 1000
271 -8 -1000
271 -8 0
274 -5 3000
270 -9 -4000
274 -5 4000
274 -5 0
272 -7 -2000
276 -3 4000
272 -7 -4000
276 -3 4000
274 -5 -2000
277 -2 3000
280 1 3000
276 -3 -4000
280 1 4000
276 -3 -4000
341 62 0
336 57 -5000
340 61 4000
342 63 2000
339 60 -3000
344 65 5000
339 60 -5000
340 61 1000
343 64 3000
335 56 -8000
338 59 3000
339 60 1000
337 58 -2000
334 55 -3000
328 49 -6000
328 49 0
330 51 2000
328 49 -2000
321 42 -7000
325 46 4000
317 38 -8000
316 37 -1000
326 47 10000
309 30 -17000
308 29 -1000
313 34 5000
304 25 -9000
303 24 -1000
305 26 2000
298 19 -7000
299 20 1000
300 21 1000
298 19 -2000
293 14 -5000
290 11 -3000
287 8 -3000
289 10 2000
285 6 -4000
289 10 4000
287 8 -2000
289 10 2000
289 10 0
285 6 -4000
290 11 5000
285 6 -5000
288 9 3000
289 10 1000
284 5 -5000
289 10 5000
283 4 -6000
285 6 2000
283 4 -2000
283 4 0
286 7 3000
279 0 -7000
287 8 8000
277 -2 -10000
279 0 2000
281 2 2000
276 -3 -5000
277 -2 1000
277 -2 0
272 -7 -5000
276 -3 4000
275 -4 -1000
272 -7 -3000
274 -5 2000
276 -3 2000
276 -3 0
275 -4 -1000
275 -4 0
278 -1 3000
278 -1 0
277 -2 -1000
283 4 6000
279 0 -4000
284 5 5000
284 5 0
285 6 1000
286 7 1000
285 6 -1000
288 9 3000
289 10 1000
287 8 -2000
290 11 3000
288 9 -2000
287 8 -1000
291 12 4000
288 9 -3000
291 12 3000
287 8 -4000
291 12 4000
291 12 0
289 10 -2000
294 15 5000
289 10 -5000
292 13 3000
290 11 -2000
292 13 2000
294 15 2000
290 11 -4000
294 15 4000
291 12 -3000
292 13 1000
291 12 -1000
291 12 0
295 16 4000
290 11 -5000
295 16 5000
290 11 -5000
294 15 4000
294 15 0
292 13 -2000
296 17 4000
290 11 -6000
294 15 4000
291 12 -3000
296 17 5000
289 10 -7000
292 13 3000
295 16 3000
290 11 -5000
293 14 3000
291 12 -2000
292 13 1000
291 12 -1000
292 13 1000
293 14 1000
291 12 -2000
295 16 4000
290 11 -5000
294 15 4000
289 10 -5000
292 13 3000
292 13 0
291 12 -1000
295 16 4000
289 10 -6000
293 14 4000
295 16 2000
291 12 -4000
294 15 3000
288 9 -6000
292 13 4000
290 11 -2000
287 8 -3000
288 9 1000
291 12 3000
292 13 1000
288 9 -4000
288 9 0
292 13 4000
288 9 -4000
284 5 -4000
284 5 0
289 10 5000
286 7 -3000
283 4 -3000
283 4 0
285 6 2000
287 8 2000
285 6 -2000
283 4 -2000
281 2 -2000
280 1 -1000
283 4 3000
283 4 0
279 0 -4000
280 1 1000
281 2 1000
284 5 3000
284 5 0
281 2 -3000
278 -1 -3000
277 -2 -1000
274 -5 -3000
278 -1 4000
275 -4 -3000
279 0 4000
274 -5 -5000
274 -5 0
277 -2 3000
277 -2 0
276 -3 -1000
279 0 3000
284 5 5000
283 4 -1000
281 2 -2000
282 3 1000
287 8 5000
288 9 1000
288 9 0
283 4 -5000
287 8 4000
287 8 0
289 10 2000
283 4 -6000
280 1 -3000
278 -1 -2000
279 0 1000
268 -11 0
267 -12 -1000
266 -13 -1000
266 -13 0
269 -10 3000
271 -8 2000
272 -7 1000
272 -7 0
274 -5 2000
273 -6 -1000
274 -5 1000
274 -5 0
275 -4 1000
275 -4 0
274 -5 -1000
275 -4 1000
276 -3 1000
274 -5 -2000
275 -4 1000
275 -4 0
276 -3 1000
273 -6 -3000
275 -4 2000
272 -7 -3000
274 -5 2000
271 -8 -3000
272 -7 1000
270 -9 -2000
272 -7 2000
269 -10 -3000
270 -9 1000
268 -11 -2000
270 -9 2000
270 -9 0
269 -10 -1000
267 -12 -2000
268 -11 1000
270 -9 2000
270 -9 0
268 -11 -2000
269 -10 1000
270 -9 1000
268 -11 -2000
270 -9 2000
268 -11 -2000
269 -10 1000
268 -11 -1000
268 -11 0
268 -11 0
268 -11 0
268 -11 0
270 -9 2000
274 -5 4000
275 -4 1000
275 -4 0
275 -4 0
275 -4 0
276 -3 1000
278 -1 2000
279 0 1000
279 0 0
278 -1 -1000
277 -2 -1000
278 -1 1000
281 2 3000
278 -1 -3000
279 0 1000
278 -1 -1000
280 1 2000
278 -1 -2000
278 -1 0
279 0 1000
276 -3 -3000
277 -2 1000
278 -1 1000
277 -2 -1000
277 -2 0
276 -3 -1000
276 -3 0
277 -2 1000
278 -1 1000
278 -1 0
279 0 1000
278 -1 -1000
278 -1 0
277 -2 -1000
279 0 2000
283 4 4000
280 1 -3000
279 0 -1000
281 2 2000
281 2 0
279 0 -2000
280 1 1000
280 1 0
280 1 0
279 0 -1000
279 0 0
278 -1 -1000
277 -2 -1000
277 -2 0
279 0 2000
280 1 1000
279 0 -1000
278 -1 -1000
278 -1 0
280 1 2000
282 3 2000
281 2 -1000
281 2 0
281 2 0
281 2 0
280 1 -1000
280 1 0
280 1 0
279 0 -1000
278 -1 -1000
278 -1 0
277 -2 -1000
276 -3 -1000
276 -3 0
277 -2 1000
277 -2 0
280 1 3000
282 3 2000
281 2 -1000
282 3 1000
283 4 1000
282 3 -1000
282 3 0
281 2 -1000
281 2 0
279 0 -2000
280 1 1000
280 1 0
278 -1 -2000
279 0 1000
276 -3 -3000
277 -2 1000
276 -3 -1000
276 -3 0
275 -4 -1000
275 -4 0
278 -1 3000
278 -1 0
279 0 1000
279 0 0
280 1 1000
279 0 -1000
279 0 0
279 0 0
278 -1 -1000
278 -1 0
280 1 2000
280 1 0
280 1 0
280 1 0
277 -2 -3000
278 -1 1000
277 -2 -1000
278 -1 1000
276 -3 -2000
274 -5 -2000
275 -4 1000
275 -4 0
274 -5 -1000
274 -5 0
275 -4 1000
275 -4 0
275 -4 0
276 -3 1000
277 -2 1000
277 -2 0
276 -3 -1000
277 -2 1000
278 -1 1000
279 0 1000
276 -3 -3000
277 -2 1000
277 -2 0
277 -2 0
276 -3 -1000
277 -2 1000
278 -1 1000
278 -1 0
277 -2 -1000
277 -2 0
278 -1 1000
279 0 1000
279 0 0
279 0 0
279 0 0
278 -1 -1000
277 -2 -1000
278 -1 1000
277 -2 -1000
277 -2 0
279 0 2000
278 -1 -1000
279 0 1000
269 -10 0
268 -11 -1000
274 -5 6000
270 -9 -4000
272 -7 2000
276 -3 4000
274 -5 -2000
273 -6 -1000
273 -6 0
274 -5 1000
276 -3 2000
279 0 3000
280 1 1000
276 -3 -4000
277 -2 1000
277 -2 0
278 -1 1000
279 0 1000
281 2 2000
281 2 0
274 -5 -7000
273 -6 -1000
274 -5 1000
276 -3 2000
276 -3 0
275 -4 -1000
275 -4 0
271 -8 -4000
272 -7 1000
274 -5 2000
276 -3 2000
277 -2 1000
276 -3 -1000
270 -9 -6000
274 -5 4000
275 -4 1000
275 -4 0
277 -2 2000
275 -4 -2000
274 -5 -1000
274 -5 0
279 0 5000
273 -6 -6000
275 -4 2000
278 -1 3000
277 -2 -1000
276 -3 -1000
277 -2 1000
278 -1 1000
279 0 1000
275 -4 -4000
277 -2 2000
279 0 2000
281 2 2000
282 3 1000
279 0 -3000
275 -4 -4000
273 -6 -2000
271 -8 -2000
272 -7 1000
272 -7 0
274 -5 2000
275 -4 1000
277 -2 2000
280 1 3000
280 1 0
279 0 -1000
271 -8 -8000
270 -9 -1000
271 -8 1000
271 -8 0
273 -6 2000
274 -5 1000
274 -5 0
275 -4 1000
277 -2 2000
276 -3 -1000
276 -3 0
271 -8 -5000
272 -7 1000
272 -7 0
274 -5 2000
274 -5 0
279 0 5000
278 -1 -1000
282 3 4000
281 2 -1000
281 2 0
276 -3 -5000
279 0 3000
278 -1 -1000
282 3 4000
281 2 -1000
282 3 1000
285 6 3000
288 9 3000
291 12 3000
287 8 -4000
284 5 -3000
281 2 -3000
282 3 1000
283 4 1000
285 6 2000
285 6 0
284 5 -1000
286 7 2000
291 12 5000
286 7 -5000
279 0 -7000
276 -3 -3000
276 -3 0
278 -1 2000
280 1 2000
281 2 1000
283 4 2000
283 4 0
288 9 5000
275 -4 -13000
273 -6 -2000
276 -3 3000
274 -5 -2000
275 -4 1000
268 -11 -7000
267 -12 -1000
269 -10 2000
270 -9 1000
271 -8 1000
273 -6 2000
271 -8 -2000
269 -10 -2000
267 -12 -2000
264 -15 -3000
266 -13 2000
263 -16 -3000
268 -11 5000
272 -7 4000
268 -11 -4000
265 -14 -3000
270 -9 5000
272 -7 2000
271 -8 -1000
266 -13 -5000
269 -10 3000
270 -9 1000
272 -7 2000
266 -13 -6000
267 -12 1000
269 -10 2000
268 -11 -1000
263 -16 -5000
263 -16 0
266 -13 3000
269 -10 3000
265 -14 -4000
263 -16 -2000
265 -14 2000
267 -12 2000
270 -9 3000
266 -13 -4000
264 -15 -2000
265 -14 1000
269 -10 4000
267 -12 -2000
263 -16 -4000
265 -14 2000
266 -13 1000
265 -14 -1000
268 -11 3000
271 -8 3000
267 -12 -4000
262 -17 -5000
263 -16 1000
266 -13 3000
267 -12 1000
266 -13 -1000
266 -13 0
266 -13 0
265 -14 -1000
267 -12 2000
264 -15 -3000
264 -15 0
263 -16 -1000
263 -16 0
267 -12 4000
272 -7 5000
275 -4 3000
276 -3 1000
279 0 3000
277 -2 -2000
277 -2 0
274 -5 -3000
276 -3 2000
275 -4 -1000
280 1 5000
279 0 -1000
284 5 5000
283 4 -1000
285 6 2000
279 0 -6000
281 2 2000
320 41 0
322 43 2000
322 43 0
328 49 6000
322 43 -6000
321 42 -1000
312 33 -9000
312 33 0
312 33 0
307 28 -5000
304 25 -3000
304 25 0
301 22 -3000
301 22 0
300 21 -1000
298 19 -2000
298 19 0
298 19 0
297 18 -1000
290 11 -7000
287 8 -3000
289 10 2000
288 9 -1000
290 11 2000
291 12 1000
292 13 1000
292 13 0
289 10 -3000
284 5 -5000
284 5 0
283 4 -1000
284 5 1000
284 5 0
283 4 -1000
283 4 0
282 3 -1000
281 2 -1000
281 2 0
279 0 -2000
280 1 1000
278 -1 -2000
282 3 4000
280 1 -2000
281 2 1000
279 0 -2000
280 1 1000
277 -2 -3000
278 -1 1000
277 -2 -1000
278 -1 1000
276 -3 -2000
279 0 3000
279 0 0
280 1 1000
280 1 0
276 -3 -4000
277 -2 1000
276 -3 -1000
273 -6 -3000
271 -8 -2000
272 -7 1000
271 -8 -1000
271 -8 0
272 -7 1000
274 -5 2000
274 -5 0
270 -9 -4000
271 -8 1000
271 -8 0
273 -6 2000
273 -6 0
276 -3 3000
275 -4 -1000
275 -4 0
273 -6 -2000
276 -3 3000
278 -1 2000
279 0 1000
278 -1 -1000
280 1 2000
278 -1 -2000
277 -2 -1000
277 -2 0
281 2 4000
282 3 1000
282 3 0
284 5 2000
281 2 -3000
281 2 0
281 2 0
281 2 0
280 1 -1000
276 -3 -4000
277 -2 1000
274 -5 -3000
273 -6 -1000
271 -8 -2000
271 -8 0
271 -8 0
273 -6 2000
274 -5 1000
272 -7 -2000
273 -6 1000
273 -6 0
274 -5 1000
274 -5 0
273 -6 -1000
275 -4 2000
274 -5 -1000
276 -3 2000
277 -2 1000
277 -2 0
276 -3 -1000
277 -2 1000
278 -1 1000
277 -2 -1000
275 -4 -2000
276 -3 1000
274 -5 -2000
275 -4 1000
275 -4 0
277 -2 2000
277 -2 0
278 -1 1000
277 -2 -1000
277 -2 0
276 -3 -1000
275 -4 -1000
277 -2 2000
279 0 2000
281 2 2000
280 1 -1000
279 0 -1000
281 2 2000
280 1 -1000
281 2 1000
280 1 -1000
281 2 1000
279 0 -2000
280 1 1000
278 -1 -2000
280 1 2000
279 0 -1000
279 0 0
278 -1 -1000
279 0 1000
279 0 0
280 1 1000
278 -1 -2000
279 0 1000
277 -2 -2000
278 -1 1000
278 -1 0
278 -1 0
277 -2 -1000
279 0 2000
280 1 1000
282 3 2000
279 0 -3000
280 1 1000
277 -2 -3000
279 0 2000
278 -1 -1000
278 -1 0
277 -2 -1000
277 -2 0
278 -1 1000
280 1 2000
280 1 0
280 1 0
277 -2 -3000
279 0 2000
278 -1 -1000
276 -3 -2000
277 -2 1000
278 -1 1000
278 -1 0
277 -2 -1000
277 -2 0
279 0 2000
281 2 2000
279 0 -2000
279 0 0
280 1 1000
279 0 -1000
277 -2 -2000
278 -1 1000
278 -1 0
279 0 1000
278 -1 -1000
279 0 1000
277 -2 -2000
276 -3 -1000
277 -2 1000
277 -2 0
277 -2 0
276 -3 -1000
278 -1 2000
279 0 1000
280 1 1000
231 -48 0
230 -49 -1000
231 -48 1000
232 -47 1000
237 -42 5000
235 -44 -2000
236 -43 1000
238 -41 2000
240 -39 2000
242 -37 2000
244 -35 2000
247 -32 3000
245 -34 -2000
245 -34 0
245 -34 0
245 -34 0
245 -34 0
247 -32 2000
250 -29 3000
250 -29 0
251 -28 1000
252 -27 1000
255 -24 3000
256 -23 1000
257 -22 1000
260 -19 3000
263 -16 3000
263 -16 0
264 -15 1000
266 -13 2000
268 -11 2000
268 -11 0
265 -14 -3000
266 -13 1000
266 -13 0
267 -12 1000
270 -9 3000
268 -11 -2000
267 -12 -1000
268 -11 1000
268 -11 0
269 -10 1000
269 -10 0
268 -11 -1000
268 -11 0
269 -10 1000
272 -7 3000
270 -9 -2000
271 -8 1000
270 -9 -1000
274 -5 4000
270 -9 -4000
272 -7 2000
273 -6 1000
271 -8 -2000
272 -7 1000
271 -8 -1000
270 -9 -1000
270 -9 0
270 -9 0
272 -7 2000
272 -7 0
274 -5 2000
276 -3 2000
275 -4 -1000
276 -3 1000
272 -7 -4000
274 -5 2000
274 -5 0
274 -5 0
274 -5 0
275 -4 1000
277 -2 2000
278 -1 1000
277 -2 -1000
275 -4 -2000
276 -3 1000
276 -3 0
276 -3 0
280 1 4000
280 1 0
275 -4 -5000
277 -2 2000
279 0 2000
279 0 0
281 2 2000
281 2 0
282 3 1000
279 0 -3000
274 -5 -5000
274 -5 0
273 -6 -1000
274 -5 1000
274 -5 0
276 -3 2000
276 -3 0
277 -2 1000
278 -1 1000
276 -3 -2000
273 -6 -3000
274 -5 1000
271 -8 -3000
274 -5 3000
275 -4 1000
275 -4 0
274 -5 -1000
277 -2 3000
276 -3 -1000
276 -3 0
277 -2 1000
279 0 2000
278 -1 -1000
278 -1 0
275 -4 -3000
276 -3 1000
276 -3 0
277 -2 1000
278 -1 1000
279 0 1000
279 0 0
281 2 2000
281 2 0
283 4 2000
283 4 0
289 10 6000
280 1 -9000
279 0 -1000
271 -8 -8000
272 -7 1000
273 -6 1000
271 -8 -2000
269 -10 -2000
272 -7 3000
271 -8 -1000
267 -12 -4000
266 -13 -1000
268 -11 2000
268 -11 0
270 -9 2000
270 -9 0
272 -7 2000
273 -6 1000
273 -6 0
269 -10 -4000
272 -7 3000
276 -3 4000
275 -4 -1000
275 -4 0
278 -1 3000
278 -1 0
276 -3 -2000
274 -5 -2000
276 -3 2000
279 0 3000
282 3 3000
281 2 -1000
277 -2 -4000
279 0 2000
282 3 3000
283 4 1000
288 9 5000
286 7 -2000
282 3 -4000
285 6 3000
287 8 2000
290 11 3000
285 6 -5000
283 4 -2000
284 5 1000
283 4 -1000
286 7 3000
288 9 2000
293 14 5000
292 13 -1000
291 12 -1000
293 14 2000
286 7 -7000
287 8 1000
289 10 2000
289 10 0
291 12 2000
293 14 2000
292 13 -1000
292 13 0
294 15 2000
285 6 -9000
282 3 -3000
279 0 -3000
280 1 1000
279 0 -1000
281 2 2000
281 2 0
285 6 4000
286 7 1000
292 13 6000
281 2 -11000
285 6 4000
274 -5 -11000
274 -5 0
274 -5 0
329 50 0
328 49 -1000
323 44 -5000
323 44 0
326 47 3000
327 48 1000
322 43 -5000
317 38 -5000
321 42 4000
321 42 0
317 38 -4000
312 33 -5000
313 34 1000
313 34 0
316 37 3000
315 36 -1000
308 29 -7000
305 26 -3000
308 29 3000
307 28 -1000
308 29 1000
304 25 -4000
297 18 -7000
294 15 -3000
294 15 0
291 12 -3000
296 17 5000
295 16 -1000
299 20 4000
296 17 -3000
296 17 0
293 14 -3000
295 16 2000
295 16 0
298 19 3000
298 19 0
295 16 -3000
289 10 -6000
287 8 -2000
287 8 0
285 6 -2000
287 8 2000
288 9 1000
287 8 -1000
288 9 1000
286 7 -2000
289 10 3000
288 9 -1000
290 11 2000
290 11 0
291 12 1000
290 11 -1000
288 9 -2000
285 6 -3000
286 7 1000
282 3 -4000
284 5 2000
285 6 1000
283 4 -2000
285 6 2000
287 8 2000
287 8 0
283 4 -4000
278 -1 -5000
280 1 2000
281 2 1000
282 3 1000
278 -1 -4000
273 -6 -5000
271 -8 -2000
273 -6 2000
274 -5 1000
276 -3 2000
273 -6 -3000
269 -10 -4000
268 -11 -1000
269 -10 1000
271 -8 2000
271 -8 0
271 -8 0
274 -5 3000
274 -5 0
275 -4 1000
273 -6 -2000
274 -5 1000
270 -9 -4000
272 -7 2000
271 -8 -1000
273 -6 2000
272 -7 -1000
274 -5 2000
273 -6 -1000
275 -4 2000
275 -4 0
278 -1 3000
276 -3 -2000
275 -4 -1000
280 1 5000
273 -6 -7000
275 -4 2000
276 -3 1000
277 -2 1000
279 0 2000
277 -2 -2000
278 -1 1000
275 -4 -3000
272 -7 -3000
272 -7 0
273 -6 1000
273 -6 0
275 -4 2000
274 -5 -1000
275 -4 1000
274 -5 -1000
276 -3 2000
274 -5 -2000
277 -2 3000
277 -2 0
277 -2 0
274 -5 -3000
275 -4 1000
275 -4 0
277 -2 2000
278 -1 1000
280 1 2000
278 -1 -2000
280 1 2000
281 2 1000
281 2 0
280 1 -1000
280 1 0
280 1 0
278 -1 -2000
276 -3 -2000
275 -4 -1000
273 -6 -2000
275 -4 2000
275 -4 0
275 -4 0
273 -6 -2000
274 -5 1000
277 -2 3000
280 1 3000
280 1 0
282 3 2000
281 2 -1000
279 0 -2000
278 -1 -1000
279 0 1000
278 -1 -1000
281 2 3000
279 0 -2000
280 1 1000
279 0 -1000
281 2 2000
279 0 -2000
282 3 3000
282 3 0
283 4 1000
283 4 0
282 3 -1000
282 3 0
281 2 -1000
278 -1 -3000
278 -1 0
277 -2 -1000
276 -3 -1000
273 -6 -3000
274 -5 1000
284 5 10000
283 4 -1000
279 0 -4000
281 2 2000
282 3 1000
285 6 3000
281 2 -4000
284 5 3000
288 9 4000
284 5 -4000
284 5 0
285 6 1000
285 6 0
285 6 0
287 8 2000
278 -1 -9000
275 -4 -3000
272 -7 -3000
270 -9 -2000
271 -8 1000
271 -8 0
270 -9 -1000
270 -9 0
268 -11 -2000
268 -11 0
269 -10 1000
275 -4 6000
277 -2 2000
277 -2 0
278 -1 1000
278 -1 0
248 -31 0
247 -32 -1000
247 -32 0
250 -29 3000
252 -27 2000
251 -28 -1000
251 -28 0
253 -26 2000
253 -26 0
254 -25 1000
255 -24 1000
258 -21 3000
260 -19 2000
260 -19 0
263 -16 3000
266 -13 3000
263 -16 -3000
263 -16 0
264 -15 1000
265 -14 1000
262 -17 -3000
264 -15 2000
264 -15 0
264 -15 0
264 -15 0
265 -14 1000
266 -13 1000
267 -12 1000
265 -14 -2000
265 -14 0
267 -12 2000
266 -13 -1000
265 -14 -1000
266 -13 1000
267 -12 1000
265 -14 -2000
267 -12 2000
266 -13 -1000
266 -13 0
265 -14 -1000
266 -13 1000
266 -13 0
267 -12 1000
266 -13 -1000
267 -12 1000
269 -10 2000
268 -11 -1000
267 -12 -1000
267 -12 0
268 -11 1000
269 -10 1000
268 -11 -1000
272 -7 4000
267 -12 -5000
268 -11 1000
266 -13 -2000
266 -13 0
267 -12 1000
266 -13 -1000
267 -12 1000
267 -12 0
268 -11 1000
268 -11 0
268 -11 0
268 -11 0
270 -9 2000
271 -8 1000
271 -8 0
272 -7 1000
273 -6 1000
270 -9 -3000
271 -8 1000
271 -8 0
271 -8 0
270 -9 -1000
270 -9 0
272 -7 2000
273 -6 1000
271 -8 -2000
272 -7 1000
273 -6 1000
273 -6 0
272 -7 -1000
272 -7 0
273 -6 1000
273 -6 0
272 -7 -1000
274 -5 2000
274 -5 0
275 -4 1000
279 0 4000
275 -4 -4000
275 -4 0
275 -4 0
275 -4 0
276 -3 1000
278 -1 2000
278 -1 0
279 0 1000
279 0 0
280 1 1000
278 -1 -2000
278 -1 0
277 -2 -1000
278 -1 1000
280 1 2000
281 2 1000
278 -1 -3000
278 -1 0
276 -3 -2000
278 -1 2000
278 -1 0
277 -2 -1000
279 0 2000
280 1 1000
279 0 -1000
279 0 0
279 0 0
280 1 1000
279 0 -1000
278 -1 -1000
278 -1 0
279 0 1000
281 2 2000
279 0 -2000
278 -1 -1000
279 0 1000
279 0 0
278 -1 -1000
277 -2 -1000
278 -1 1000
278 -1 0
278 -1 0
280 1 2000
281 2 1000
281 2 0
280 1 -1000
279 0 -1000
280 1 1000
281 2 1000
278 -1 -3000
279 0 1000
280 1 1000
278 -1 -2000
278 -1 0
279 0 1000
278 -1 -1000
276 -3 -2000
276 -3 0
277 -2 1000
281 2 4000
279 0 -2000
280 1 1000
279 0 -1000
279 0 0
279 0 0
279 0 0
279 0 0
280 1 1000
279 0 -1000
277 -2 -2000
278 -1 1000
277 -2 -1000
277 -2 0
278 -1 1000
279 0 1000
278 -1 -1000
277 -2 -1000
278 -1 1000
278 -1 0
279 0 1000
279 0 0
279 0 0
279 0 0
278 -1 -1000
277 -2 -1000
278 -1 1000
280 1 2000
278 -1 -2000
280 1 2000
279 0 -1000
279 0 0
280 1 1000
279 0 -1000
279 0 0
279 0 0
278 -1 -1000
279 0 1000
277 -2 -2000
278 -1 1000
277 -2 -1000
278 -1 1000
280 1 2000
276 -3 -4000
276 -3 0
280 1 4000
278 -1 -2000
276 -3 -2000
278 -1 2000
277 -2 -1000
282 3 0
283 4 1000
284 5 1000
290 11 6000
281 2 -9000
284 5 3000
279 0 -5000
282 3 3000
281 2 -1000
279 0 -2000
277 -2 -2000
275 -4 -2000
279 0 4000
277 -2 -2000
277 -2 0
283 4 6000
277 -2 -6000
282 3 5000
283 4 1000
281 2 -2000
285 6 4000
285 6 0
282 3 -3000
289 10 7000
284 5 -5000
284 5 0
287 8 3000
284 5 -3000
291 12 7000
287 8 -4000
285 6 -2000
289 10 4000
286 7 -3000
291 12 5000
287 8 -4000
292 13 5000
288 9 -4000
294 15 6000
289 10 -5000
295 16 6000
288 9 -7000
295 16 7000
291 12 -4000
299 20 8000
292 13 -7000
301 22 9000
294 15 -7000
302 23 8000
295 16 -7000
300 21 5000
296 17 -4000
301 22 5000
301 22 0
300 21 -1000
303 24 3000
298 19 -5000
303 24 5000
296 17 -7000
303 24 7000
296 17 -7000
301 22 5000
296 17 -5000
298 19 2000
292 13 -6000
300 21 8000
294 15 -6000
301 22 7000
296 17 -5000
303 24 7000
296 17 -7000
301 22 5000
303 24 2000
303 24 0
301 22 -2000
301 22 0
304 25 3000
297 18 -7000
302 23 5000
300 21 -2000
296 17 -4000
302 23 6000
295 16 -7000
300 21 5000
298 19 -2000
299 20 1000
303 24 4000
300 21 -3000
304 25 4000
302 23 -2000
300 21 -2000
306 27 6000
304 25 -2000
303 24 -1000
308 29 5000
304 25 -4000
305 26 1000
308 29 3000
310 31 2000
303 24 -7000
306 27 3000
307 28 1000
300 21 -7000
303 24 3000
300 21 -3000
298 19 -2000
301 22 3000
297 18 -4000
303 24 6000
301 22 -2000
298 19 -3000
303 24 5000
297 18 -6000
299 20 2000
305 26 6000
301 22 -4000
307 28 6000
300 21 -7000
304 25 4000
307 28 3000
304 25 -3000
309 30 5000
305 26 -4000
307 28 2000
309 30 2000
306 27 -3000
311 32 5000
304 25 -7000
308 29 4000
310 31 2000
307 28 -3000
311 32 4000
305 26 -6000
309 30 4000
306 27 -3000
305 26 -1000
310 31 5000
305 26 -5000
311 32 6000
305 26 -6000
310 31 5000
303 24 -7000
310 31 7000
304 25 -6000
308 29 4000
306 27 -2000
306 27 0
311 32 5000
306 27 -5000
310 31 4000
305 26 -5000
309 30 4000
307 28 -2000
306 27 -1000
307 28 1000
305 26 -2000
300 21 -5000
303 24 3000
309 30 6000
300 21 -9000
304 25 4000
304 25 0
303 24 -1000
302 23 -1000
307 28 5000
299 20 -8000
296 17 -3000
291 12 -5000
291 12 0
291 12 0
286 7 -5000
289 10 3000
284 5 -5000
287 8 3000
279 0 -8000
281 2 2000
285 6 4000
278 -1 -7000
282 3 4000
274 -5 -8000
277 -2 3000
273 -6 -4000
273 -6 0
278 -1 5000
272 -7 -6000
277 -2 5000
271 -8 -6000
274 -5 3000
279 0 5000
273 -6 -6000
276 -3 3000
277 -2 1000
274 -5 -3000
276 -3 2000
272 -7 -4000
274 -5 2000
275 -4 1000
271 -8 -4000
271 -8 0
273 -6 2000
274 -5 1000
