0 -279
0 -279
0 -279
0 -279
0 -279
0 -279
0 -279
0 -279
0 -279
0 -279
0 -279
0 -279
0 -279
0 -279
0 -279
0 -279
0 -279
0 -279
0 -279
0 -279
0 -279
0 -279
0 -279
0 -279
0 -279
0 -279
0 -279
0 -279
0 -279
0 -279
0 -279
0 -279
0 -279
0 -279
0 -279
0 -279
0 -279
0 -279
0 -279
1 -278
1 -278
1 -278
2 -277
0 -279
2 -277
2 -277
2 -277
2 -277
1 -278
3 -276
3 -276
2 -277
3 -276
1 -278
3 -276
3 -276
3 -276
3 -276
2 -277
3 -276
3 -276
3 -276
3 -276
2 -277
3 -276
3 -276
3 -276
2 -277
1 -278
2 -277
2 -277
2 -277
2 -277
2 -277
2 -277
2 -277
2 -277
2 -277
0 -279
2 -277
2 -277
1 -278
1 -278
0 -279
1 -278
1 -278
1 -278
1 -278
0 -279
1 -278
1 -278
1 -278
1 -278
0 -279
1 -278
0 -279
1 -278
0 -279
0 -279
0 -279
0 -279
0 -279
0 -279
0 -279
0 -279
0 -279
0 -279
0 -279
0 -279
0 -279
0 -279
0 -279
0 -279
0 -279
0 -279
0 -279
0 -279
0 -279
0 -279
0 -279
0 -279
0 -279
0 -279
0 -279
0 -279
0 -279
0 -279
0 -279
0 -279
0 -279
0 -279
0 -279
0 -279
0 -279
1 -278
0 -279
0 -279
0 -279
0 -279
0 -279
0 -279
0 -279
0 -279
0 -279
0 -279
0 -279
0 -279
0 -279
0 -279
0 -279
0 -279
0 -279
0 -279
0 -279
0 -279
0 -279
0 -279
0 -279
0 -279
0 -279
0 -279
0 -279
0 -279
0 -279
0 -279
0 -279
0 -279
0 -279
0 -279
0 -279
0 -279
0 -279
0 -279
0 -279
0 -279
0 -279
0 -279
0 -279
0 -279
0 -279
0 -279
0 -279
0 -279
0 -279
0 -279
0 -279
0 -279
0 -279
0 -279
0 -279
0 -279
0 -279
0 -279
0 -279
0 -279
0 -279
0 -279
0 -279
0 -279
0 -279
0 -279
0 -279
0 -279
0 -279
0 -279
0 -279
0 -279
0 -279
0 -279
0 -279
0 -279
0 -279
0 -279
0 -279
0 -279
0 -279
0 -279
0 -279
0 -279
0 -279
0 -279
0 -279
0 -279
0 -279
0 -279
0 -279
0 -279
0 -279
0 -279
0 -279
0 -279
0 -279
0 -279
0 -279
0 -279
0 -279
0 -279
0 -279
0 -279
0 -279
0 -279
0 -279
0 -279
0 -279
0 -279
0 -279
0 -279
0 -279
0 -279
0 -279
0 -279
0 -279
0 -279
0 -279
0 -279
0 -279
0 -279
0 -279
0 -279
0 -279
0 -279
0 -279
0 -279
0 -279
0 -279
0 -279
0 -279
0 -279
0 -279
0 -279
0 -279
0 -279
0 -279
0 -279
0 -279
0 -279
0 -279
0 -279
0 -279
1 -278
0 -279
0 -279
0 -279
0 -279
0 -279
0 -279
0 -279
0 -279
1 -278
0 -279
0 -279
0 -279
0 -279
0 -279
0 -279
0 -279
0 -279
0 -279
0 -279
0 -279
0 -279
0 -279
0 -279
0 -279
0 -279
0 -279
0 -279
0 -279
0 -279
0 -279
0 -279
0 -279
0 -279
0 -279
0 -279
0 -279
0 -279
0 -279
0 -279
0 -279
0 -279
0 -279
0 -279
0 -279
0 -279
0 -279
0 -279
0 -279
0 -279
0 -279
0 -279
0 -279
0 -279
0 -279
0 -279
0 -279
0 -279
0 -279
0 -279
0 -279
0 -279
0 -279
0 -279
0 -279
0 -279
0 -279
0 -279
0 -279
0 -279
0 -279
0 -279
0 -279
0 -279
0 -279
0 -279
0 -279
0 -279
0 -279
0 -279
0 -279
0 -279
0 -279
0 -279
0 -279
0 -279
0 -279
0 -279
0 -279
0 -279
0 -279
0 -279
0 -279
0 -279
0 -279
0 -279
0 -279
0 -279
0 -279
0 -279
0 -279
0 -279
0 -279
0 -279
0 -279
0 -279
0 -279
0 -279
0 -279
0 -279
0 -279
0 -279
0 -279
0 -279
0 -279
0 -279
0 -279
0 -279
0 -279
0 -279
0 -279
0 -279
0 -279
0 -279
0 -279
0 -279
0 -279
0 -279
0 -279
0 -279
0 -279
0 -279
0 -279
0 -279
0 -279
0 -279
0 -279
0 -279
0 -279
0 -279
0 -279
0 -279
0 -279
0 -279
0 -279
0 -279
0 -279
0 -279
0 -279
0 -279
0 -279
0 -279
0 -279
0 -279
0 -279
0 -279
0 -279
0 -279
0 -279
0 -279
0 -279
0 -279
0 -279
0 -279
0 -279
0 -279
0 -279
0 -279
1 -278
1 -278
1 -278
0 -279
1 -278
2 -277
2 -277
0 -279
1 -278
3 -276
2 -277
3 -276
3 -276
1 -278
3 -276
3 -276
3 -276
3 -276
2 -277
3 -276
3 -276
3 -276
4 -275
0 -279
4 -275
4 -275
3 -276
4 -275
1 -278
3 -276
3 -276
3 -276
3 -276
3 -276
3 -276
3 -276
3 -276
3 -276
2 -277
3 -276
3 -276
2 -277
3 -276
0 -279
3 -276
2 -277
3 -276
3 -276
0 -279
2 -277
2 -277
2 -277
2 -277
0 -279
0 -279
0 -279
0 -279
0 -279
0 -279
0 -279
0 -279
0 -279
0 -279
0 -279
0 -279
0 -279
0 -279
0 -279
0 -279
0 -279
0 -279
0 -279
0 -279
0 -279
0 -279
0 -279
0 -279
0 -279
0 -279
0 -279
0 -279
0 -279
0 -279
0 -279
0 -279
0 -279
0 -279
0 -279
0 -279
0 -279
0 -279
0 -279
0 -279
0 -279
0 -279
0 -279
0 -279
0 -279
0 -279
0 -279
0 -279
0 -279
0 -279
0 -279
0 -279
0 -279
0 -279
0 -279
0 -279
0 -279
0 -279
0 -279
0 -279
0 -279
0 -279
0 -279
0 -279
0 -279
0 -279
0 -279
0 -279
0 -279
0 -279
0 -279
0 -279
0 -279
0 -279
0 -279
0 -279
0 -279
0 -279
0 -279
0 -279
0 -279
0 -279
0 -279
0 -279
0 -279
0 -279
0 -279
0 -279
0 -279
0 -279
0 -279
0 -279
0 -279
0 -279
0 -279
0 -279
0 -279
0 -279
0 -279
0 -279
0 -279
0 -279
0 -279
0 -279
0 -279
0 -279
0 -279
0 -279
0 -279
0 -279
0 -279
0 -279
0 -279
0 -279
0 -279
0 -279
0 -279
0 -279
0 -279
0 -279
0 -279
0 -279
0 -279
0 -279
0 -279
0 -279
0 -279
0 -279
0 -279
0 -279
0 -279
0 -279
0 -279
1 -278
1 -278
1 -278
1 -278
0 -279
3 -276
2 -277
3 -276
2 -277
1 -278
2 -277
3 -276
0 -279
3 -276
2 -277
3 -276
3 -276
3 -276
3 -276
0 -279
3 -276
3 -276
4 -275
6 -273
2 -277
3 -276
4 -275
3 -276
4 -275
2 -277
3 -276
3 -276
3 -276
3 -276
2 -277
3 -276
3 -276
3 -276
3 -276
0 -279
2 -277
3 -276
3 -276
4 -275
1 -278
2 -277
2 -277
2 -277
3 -276
1 -278
2 -277
2 -277
2 -277
2 -277
1 -278
1 -278
2 -277
2 -277
1 -278
0 -279
2 -277
1 -278
1 -278
1 -278
0 -279
1 -278
1 -278
1 -278
1 -278
0 -279
0 -279
1 -278
1 -278
2 -277
0 -279
0 -279
0 -279
0 -279
0 -279
0 -279
0 -279
0 -279
0 -279
0 -279
0 -279
0 -279
0 -279
0 -279
0 -279
0 -279
0 -279
0 -279
0 -279
0 -279
0 -279
0 -279
0 -279
0 -279
0 -279
0 -279
0 -279
0 -279
0 -279
0 -279
0 -279
0 -279
0 -279
0 -279
0 -279
0 -279
0 -279
0 -279
0 -279
0 -279
0 -279
0 -279
0 -279
0 -279
0 -279
0 -279
0 -279
0 -279
0 -279
0 -279
0 -279
0 -279
0 -279
0 -279
0 -279
0 -279
0 -279
0 -279
0 -279
0 -279
0 -279
0 -279
0 -279
0 -279
0 -279
0 -279
0 -279
0 -279
0 -279
0 -279
0 -279
0 -279
0 -279
0 -279
0 -279
0 -279
0 -279
0 -279
0 -279
0 -279
1 -278
0 -279
0 -279
1 -278
1 -278
1 -278
1 -278
0 -279
1 -278
0 -279
1 -278
1 -278
0 -279
1 -278
1 -278
1 -278
1 -278
0 -279
2 -277
2 -277
3 -276
3 -276
2 -277
4 -275
4 -275
4 -275
5 -274
4 -275
6 -273
7 -272
7 -272
9 -270
7 -272
10 -269
10 -269
10 -269
11 -268
9 -270
12 -267
13 -266
14 -265
16 -263
16 -263
18 -261
18 -261
18 -261
16 -263
14 -265
15 -264
15 -264
15 -264
15 -264
16 -263
21 -258
24 -255
29 -250
36 -243
43 -236
51 -228
57 -222
66 -213
75 -204
82 -197
92 -187
99 -180
109 -170
120 -159
128 -151
140 -139
150 -129
161 -118
172 -107
181 -98
192 -87
202 -77
210 -69
223 -56
233 -46
246 -33
259 -20
271 -8
281 2
294 15
305 26
309 30
316 37
334 55
340 61
341 62
345 66
349 70
349 70
352 73
354 75
346 67
355 76
354 75
352 73
354 75
353 74
351 72
348 69
359 80
340 61
337 58
333 54
328 49
337 58
317 38
310 31
304 25
298 19
291 12
283 4
277 -2
269 -10
265 -14
249 -30
251 -28
242 -37
243 -36
238 -41
239 -40
236 -43
235 -44
235 -44
235 -44
235 -44
234 -45
233 -46
236 -43
237 -42
233 -46
243 -36
246 -33
249 -30
254 -25
258 -21
263 -16
250 -29
273 -6
287 8
284 5
286 7
292 13
294 15
292 13
301 22
304 25
292 13
307 28
306 27
306 27
305 26
303 24
304 25
303 24
300 21
299 20
290 11
294 15
290 11
288 9
280 1
281 2
278 -1
279 0
270 -9
268 -11
262 -17
263 -16
262 -17
260 -19
259 -20
256 -23
259 -20
257 -22
257 -22
259 -20
272 -7
262 -17
262 -17
266 -13
269 -10
271 -8
273 -6
286 7
279 0
280 1
283 4
285 6
286 7
287 8
286 7
290 11
290 11
280 1
291 12
291 12
291 12
291 12
280 1
289 10
288 9
287 8
287 8
277 -2
285 6
284 5
282 3
281 2
277 -2
279 0
245 -34
242 -37
242 -37
242 -37
243 -36
243 -36
249 -30
246 -33
247 -32
250 -29
252 -27
261 -18
257 -22
261 -18
263 -16
265 -14
256 -23
272 -7
282 3
279 0
281 2
285 6
286 7
289 10
293 14
292 13
293 14
296 17
293 14
296 17
297 18
315 36
298 19
298 19
297 18
296 17
323 44
297 18
295 16
295 16
293 14
283 4
292 13
285 6
288 9
283 4
285 6
283 4
274 -5
281 2
278 -1
277 -2
274 -5
271 -8
274 -5
270 -9
271 -8
270 -9
276 -3
269 -10
270 -9
268 -11
269 -10
276 -3
268 -11
270 -9
268 -11
269 -10
279 0
270 -9
271 -8
274 -5
272 -7
285 6
275 -4
276 -3
278 -1
278 -1
285 6
279 0
280 1
284 5
281 2
281 2
283 4
284 5
284 5
284 5
288 9
285 6
286 7
284 5
286 7
280 1
286 7
287 8
285 6
287 8
274 -5
286 7
282 3
283 4
285 6
274 -5
283 4
282 3
282 3
282 3
277 -2
281 2
280 1
277 -2
280 1
277 -2
276 -3
277 -2
279 0
279 0
276 -3
277 -2
278 -1
277 -2
278 -1
286 7
278 -1
278 -1
280 1
283 4
282 3
282 3
283 4
281 2
282 3
287 8
282 3
281 2
285 6
282 3
282 3
283 4
285 6
281 2
282 3
282 3
282 3
281 2
282 3
283 4
279 0
280 1
277 -2
282 3
278 -1
285 6
280 1
277 -2
279 0
280 1
274 -5
278 -1
278 -1
277 -2
279 0
280 1
278 -1
281 2
278 -1
280 1
281 2
280 1
281 2
284 5
281 2
282 3
284 5
282 3
285 6
285 6
277 -2
285 6
283 4
282 3
285 6
278 -1
283 4
284 5
284 5
282 3
283 4
280 1
282 3
284 5
280 1
281 2
281 2
279 0
280 1
280 1
275 -4
277 -2
277 -2
276 -3
278 -1
279 0
278 -1
278 -1
275 -4
278 -1
286 7
278 -1
279 0
282 3
279 0
279 0
282 3
284 5
281 2
282 3
287 8
283 4
285 6
289 10
289 10
276 -3
287 8
288 9
286 7
288 9
284 5
288 9
287 8
293 14
286 7
286 7
295 16
291 12
289 10
292 13
282 3
286 7
288 9
288 9
284 5
276 -3
286 7
280 1
281 2
282 3
275 -4
275 -4
273 -6
276 -3
275 -4
283 4
278 -1
275 -4
277 -2
280 1
275 -4
279 0
282 3
280 1
281 2
275 -4
282 3
281 2
283 4
284 5
283 4
283 4
285 6
285 6
284 5
283 4
286 7
282 3
284 5
283 4
277 -2
279 0
280 1
277 -2
276 -3
279 0
278 -1
276 -3
279 0
276 -3
282 3
279 0
278 -1
278 -1
276 -3
284 5
276 -3
277 -2
281 2
278 -1
285 6
279 0
281 2
281 2
280 1
281 2
279 0
283 4
281 2
283 4
282 3
281 2
282 3
280 1
281 2
275 -4
279 0
281 2
277 -2
280 1
276 -3
278 -1
280 1
278 -1
280 1
278 -1
279 0
280 1
281 2
279 0
280 1
281 2
283 4
281 2
285 6
284 5
281 2
282 3
284 5
281 2
272 -7
284 5
281 2
285 6
286 7
281 2
285 6
287 8
284 5
283 4
285 6
282 3
280 1
280 1
279 0
279 0
279 0
279 0
278 -1
279 0
278 -1
277 -2
277 -2
278 -1
276 -3
281 2
278 -1
279 0
277 -2
279 0
279 0
277 -2
279 0
280 1
277 -2
285 6
280 1
278 -1
280 1
279 0
280 1
278 -1
279 0
282 3
278 -1
286 7
279 0
280 1
281 2
278 -1
286 7
282 3
280 1
282 3
279 0
281 2
281 2
280 1
282 3
279 0
281 2
282 3
280 1
282 3
279 0
282 3
282 3
281 2
283 4
279 0
281 2
283 4
280 1
281 2
279 0
282 3
281 2
280 1
281 2
282 3
282 3
281 2
282 3
281 2
282 3
282 3
280 1
281 2
280 1
280 1
279 0
282 3
280 1
281 2
281 2
278 -1
280 1
280 1
281 2
281 2
278 -1
280 1
281 2
280 1
280 1
278 -1
281 2
279 0
279 0
281 2
276 -3
279 0
279 0
280 1
279 0
279 0
278 -1
278 -1
278 -1
278 -1
283 4
278 -1
277 -2
278 -1
278 -1
282 3
277 -2
278 -1
277 -2
276 -3
281 2
277 -2
275 -4
275 -4
276 -3
281 2
275 -4
274 -5
275 -4
275 -4
279 0
274 -5
276 -3
274 -5
275 -4
284 5
278 -1
277 -2
278 -1
280 1
270 -9
279 0
281 2
282 3
283 4
286 7
281 2
282 3
282 3
280 1
279 0
281 2
254 -25
263 -16
264 -15
243 -36
265 -14
268 -11
269 -10
270 -9
273 -6
274 -5
287 8
278 -1
281 2
283 4
284 5
294 15
287 8
286 7
288 9
289 10
279 0
288 9
283 4
288 9
287 8
282 3
286 7
286 7
285 6
284 5
281 2
284 5
281 2
280 1
279 0
278 -1
276 -3
274 -5
274 -5
273 -6
277 -2
272 -7
272 -7
271 -8
271 -8
279 0
271 -8
270 -9
271 -8
272 -7
282 3
274 -5
276 -3
275 -4
276 -3
284 5
279 0
279 0
280 1
281 2
278 -1
281 2
282 3
283 4
281 2
266 -13
282 3
281 2
281 2
281 2
276 -3
280 1
280 1
280 1
279 0
278 -1
278 -1
278 -1
277 -2
276 -3
280 1
275 -4
274 -5
275 -4
274 -5
279 0
273 -6
275 -4
273 -6
273 -6
282 3
275 -4
274 -5
274 -5
274 -5
284 5
275 -4
275 -4
276 -3
277 -2
283 4
278 -1
278 -1
278 -1
278 -1
283 4
279 0
279 0
280 1
279 0
279 0
280 1
280 1
279 0
278 -1
283 4
279 0
277 -2
276 -3
276 -3
280 1
275 -4
274 -5
275 -4
274 -5
278 -1
273 -6
275 -4
272 -7
282 3
268 -11
271 -8
270 -9
270 -9
271 -8
279 0
271 -8
271 -8
272 -7
271 -8
281 2
273 -6
274 -5
273 -6
274 -5
283 4
273 -6
274 -5
274 -5
274 -5
285 6
279 0
275 -4
278 -1
278 -1
284 5
280 1
281 2
281 2
282 3
273 -6
282 3
284 5
283 4
282 3
279 0
283 4
283 4
282 3
282 3
285 6
280 1
280 1
281 2
280 1
277 -2
279 0
279 0
277 -2
276 -3
280 1
277 -2
275 -4
275 -4
274 -5
280 1
273 -6
275 -4
273 -6
272 -7
280 1
272 -7
272 -7
271 -8
272 -7
281 2
273 -6
273 -6
274 -5
274 -5
283 4
275 -4
275 -4
276 -3
276 -3
285 6
278 -1
278 -1
279 0
279 0
279 0
280 1
281 2
281 2
281 2
280 1
282 3
280 1
281 2
281 2
278 -1
279 0
279 0
280 1
279 0
279 0
278 -1
278 -1
278 -1
277 -2
283 4
277 -2
276 -3
276 -3
277 -2
281 2
275 -4
277 -2
276 -3
274 -5
280 1
275 -4
274 -5
274 -5
274 -5
281 2
273 -6
276 -3
274 -5
273 -6
277 -2
271 -8
271 -8
273 -6
272 -7
281 2
272 -7
275 -4
272 -7
275 -4
280 1
277 -2
274 -5
277 -2
276 -3
284 5
277 -2
279 0
283 4
279 0
283 4
281 2
283 4
284 5
282 3
284 5
285 6
282 3
285 6
284 5
280 1
286 7
283 4
284 5
285 6
276 -3
285 6
282 3
285 6
281 2
280 1
281 2
283 4
279 0
282 3
275 -4
281 2
277 -2
281 2
277 -2
283 4
276 -3
279 0
276 -3
277 -2
283 4
277 -2
277 -2
280 1
276 -3
283 4
277 -2
281 2
277 -2
280 1
276 -3
280 1
280 1
281 2
282 3
278 -1
284 5
280 1
284 5
280 1
282 3
282 3
285 6
286 7
285 6
289 10
285 6
287 8
288 9
288 9
283 4
287 8
289 10
287 8
290 11
282 3
290 11
294 15
309 30
294 15
287 8
295 16
290 11
293 14
290 11
281 2
293 14
290 11
290 11
289 10
280 1
286 7
287 8
282 3
283 4
278 -1
280 1
281 2
277 -2
280 1
272 -7
276 -3
275 -4
273 -6
274 -5
269 -10
275 -4
270 -9
273 -6
271 -8
280 1
276 -3
273 -6
275 -4
278 -1
279 0
279 0
276 -3
281 2
278 -1
287 8
279 0
283 4
281 2
284 5
282 3
285 6
283 4
286 7
287 8
278 -1
288 9
279 0
288 9
284 5
283 4
283 4
287 8
282 3
284 5
276 -3
283 4
281 2
282 3
279 0
282 3
281 2
277 -2
281 2
276 -3
275 -4
278 -1
275 -4
279 0
274 -5
279 0
274 -5
277 -2
276 -3
277 -2
285 6
278 -1
281 2
279 0
282 3
281 2
283 4
281 2
283 4
280 1
281 2
281 2
281 2
280 1
284 5
277 -2
282 3
278 -1
281 2
284 5
276 -3
282 3
279 0
282 3
278 -1
286 7
278 -1
282 3
279 0
280 1
277 -2
279 0
280 1
279 0
282 3
284 5
279 0
283 4
280 1
279 0
282 3
281 2
283 4
279 0
281 2
275 -4
281 2
279 0
281 2
282 3
280 1
281 2
280 1
282 3
278 -1
284 5
281 2
279 0
278 -1
280 1
274 -5
279 0
280 1
278 -1
280 1
275 -4
279 0
279 0
280 1
282 3
285 6
280 1
283 4
284 5
281 2
301 22
302 23
298 19
300 21
280 1
298 19
293 14
293 14
288 9
289 10
286 7
271 -8
283 4
278 -1
278 -1
272 -7
275 -4
270 -9
271 -8
268 -11
270 -9
275 -4
270 -9
269 -10
271 -8
268 -11
279 0
270 -9
273 -6
273 -6
273 -6
287 8
277 -2
281 2
281 2
284 5
291 12
285 6
284 5
287 8
285 6
286 7
284 5
288 9
285 6
288 9
274 -5
285 6
284 5
282 3
284 5
276 -3
282 3
278 -1
280 1
275 -4
276 -3
274 -5
277 -2
275 -4
277 -2
281 2
278 -1
276 -3
277 -2
276 -3
282 3
277 -2
278 -1
277 -2
280 1
275 -4
279 0
277 -2
280 1
277 -2
286 7
278 -1
281 2
279 0
281 2
274 -5
281 2
278 -1
280 1
281 2
277 -2
281 2
280 1
280 1
282 3
276 -3
282 3
281 2
283 4
279 0
282 3
280 1
282 3
280 1
283 4
284 5
283 4
282 3
283 4
282 3
284 5
283 4
282 3
281 2
283 4
285 6
284 5
282 3
281 2
284 5
285 6
281 2
284 5
282 3
283 4
286 7
283 4
283 4
284 5
282 3
280 1
281 2
282 3
283 4
281 2
282 3
282 3
282 3
284 5
281 2
282 3
282 3
285 6
283 4
284 5
284 5
284 5
283 4
283 4
281 2
274 -5
282 3
283 4
282 3
283 4
284 5
280 1
280 1
281 2
280 1
280 1
280 1
281 2
277 -2
280 1
277 -2
280 1
279 0
279 0
280 1
276 -3
279 0
279 0
280 1
278 -1
284 5
279 0
280 1
277 -2
279 0
278 -1
279 0
277 -2
278 -1
276 -3
281 2
277 -2
277 -2
276 -3
276 -3
280 1
276 -3
275 -4
276 -3
277 -2
279 0
276 -3
275 -4
275 -4
275 -4
283 4
277 -2
276 -3
278 -1
279 0
279 0
279 0
280 1
282 3
280 1
279 0
281 2
281 2
281 2
280 1
278 -1
279 0
279 0
280 1
279 0
279 0
278 -1
279 0
278 -1
277 -2
283 4
276 -3
276 -3
277 -2
275 -4
280 1
276 -3
274 -5
275 -4
274 -5
279 0
275 -4
273 -6
273 -6
274 -5
280 1
274 -5
275 -4
274 -5
274 -5
284 5
276 -3
277 -2
278 -1
277 -2
285 6
279 0
279 0
281 2
260 -19
263 -16
258 -21
259 -20
260 -19
263 -16
263 -16
263 -16
267 -12
268 -11
271 -8
273 -6
285 6
278 -1
280 1
282 3
283 4
288 9
287 8
286 7
290 11
291 12
282 3
290 11
290 11
290 11
290 11
279 0
289 10
287 8
287 8
287 8
278 -1
285 6
284 5
283 4
281 2
276 -3
279 0
277 -2
276 -3
274 -5
277 -2
273 -6
274 -5
273 -6
272 -7
279 0
271 -8
271 -8
271 -8
271 -8
281 2
273 -6
274 -5
273 -6
274 -5
284 5
275 -4
275 -4
277 -2
277 -2
284 5
279 0
280 1
280 1
280 1
278 -1
281 2
280 1
281 2
281 2
280 1
280 1
280 1
280 1
279 0
279 0
278 -1
277 -2
278 -1
276 -3
279 0
275 -4
275 -4
275 -4
273 -6
277 -2
273 -6
275 -4
271 -8
271 -8
280 1
271 -8
271 -8
271 -8
272 -7
280 1
272 -7
273 -6
274 -5
272 -7
283 4
274 -5
275 -4
274 -5
275 -4
283 4
276 -3
277 -2
278 -1
278 -1
283 4
279 0
280 1
280 1
282 3
269 -10
281 2
281 2
281 2
281 2
277 -2
281 2
281 2
281 2
279 0
280 1
280 1
278 -1
278 -1
278 -1
282 3
276 -3
276 -3
276 -3
275 -4
279 0
275 -4
275 -4
273 -6
274 -5
282 3
274 -5
275 -4
275 -4
275 -4
281 2
275 -4
276 -3
275 -4
275 -4
282 3
276 -3
276 -3
276 -3
277 -2
283 4
277 -2
278 -1
278 -1
279 0
278 -1
279 0
280 1
280 1
279 0
280 1
280 1
280 1
281 2
279 0
279 0
279 0
279 0
278 -1
279 0
279 0
279 0
276 -3
277 -2
276 -3
281 2
277 -2
277 -2
276 -3
275 -4
280 1
276 -3
275 -4
274 -5
274 -5
281 2
275 -4
273 -6
274 -5
274 -5
279 0
273 -6
275 -4
274 -5
274 -5
281 2
274 -5
274 -5
275 -4
275 -4
283 4
274 -5
275 -4
276 -3
276 -3
284 5
277 -2
277 -2
277 -2
279 0
280 1
280 1
278 -1
280 1
281 2
275 -4
279 0
282 3
279 0
280 1
280 1
280 1
281 2
282 3
280 1
279 0
282 3
280 1
281 2
280 1
280 1
282 3
281 2
279 0
280 1
278 -1
282 3
281 2
279 0
278 -1
284 5
280 1
279 0
296 17
299 20
302 23
296 17
299 20
289 10
297 18
297 18
300 21
295 16
315 36
297 18
292 13
292 13
292 13
286 7
285 6
275 -4
288 9
276 -3
279 0
279 0
277 -2
273 -6
275 -4
269 -10
267 -12
276 -3
269 -10
266 -13
264 -15
270 -9
276 -3
267 -12
268 -11
269 -10
272 -7
281 2
272 -7
273 -6
277 -2
277 -2
282 3
280 1
283 4
281 2
283 4
291 12
283 4
284 5
288 9
284 5
289 10
290 11
286 7
289 10
291 12
278 -1
292 13
292 13
288 9
293 14
285 6
287 8
287 8
291 12
286 7
276 -3
287 8
281 2
284 5
284 5
271 -8
282 3
277 -2
280 1
281 2
272 -7
276 -3
277 -2
274 -5
273 -6
276 -3
276 -3
275 -4
274 -5
275 -4
282 3
279 0
279 0
276 -3
278 -1
285 6
277 -2
277 -2
279 0
282 3
284 5
280 1
283 4
281 2
283 4
286 7
285 6
285 6
287 8
284 5
277 -2
285 6
285 6
281 2
282 3
281 2
279 0
280 1
281 2
281 2
274 -5
278 -1
279 0
274 -5
275 -4
277 -2
276 -3
274 -5
276 -3
275 -4
283 4
276 -3
280 1
280 1
278 -1
287 8
282 3
279 0
282 3
283 4
284 5
284 5
288 9
282 3
284 5
282 3
282 3
284 5
281 2
281 2
282 3
279 0
280 1
279 0
277 -2
283 4
275 -4
277 -2
278 -1
275 -4
280 1
279 0
275 -4
279 0
279 0
278 -1
281 2
281 2
280 1
282 3
286 7
280 1
283 4
285 6
284 5
283 4
282 3
280 1
281 2
281 2
280 1
282 3
281 2
278 -1
276 -3
275 -4
277 -2
279 0
277 -2
276 -3
282 3
279 0
279 0
280 1
279 0
280 1
277 -2
277 -2
278 -1
279 0
279 0
280 1
281 2
283 4
282 3
282 3
283 4
282 3
282 3
281 2
276 -3
280 1
278 -1
280 1
279 0
279 0
280 1
280 1
280 1
280 1
278 -1
279 0
279 0
278 -1
277 -2
281 2
278 -1
279 0
278 -1
281 2
280 1
282 3
282 3
283 4
282 3
284 5
282 3
282 3
281 2
279 0
278 -1
278 -1
277 -2
278 -1
277 -2
281 2
277 -2
278 -1
281 2
281 2
278 -1
281 2
281 2
290 11
290 11
291 12
280 1
289 10
288 9
288 9
287 8
277 -2
285 6
283 4
282 3
281 2
279 0
282 3
279 0
280 1
278 -1
281 2
275 -4
274 -5
273 -6
272 -7
275 -4
271 -8
271 -8
272 -7
272 -7
280 1
272 -7
274 -5
274 -5
274 -5
285 6
278 -1
282 3
279 0
282 3
284 5
282 3
281 2
282 3
282 3
282 3
283 4
282 3
283 4
282 3
284 5
282 3
281 2
282 3
281 2
278 -1
280 1
279 0
279 0
277 -2
281 2
275 -4
275 -4
275 -4
275 -4
279 0
275 -4
274 -5
275 -4
273 -6
280 1
273 -6
274 -5
273 -6
274 -5
283 4
276 -3
277 -2
279 0
279 0
280 1
280 1
281 2
281 2
279 0
281 2
281 2
280 1
281 2
282 3
285 6
279 0
280 1
281 2
280 1
278 -1
280 1
280 1
280 1
279 0
280 1
280 1
279 0
279 0
280 1
277 -2
279 0
280 1
280 1
279 0
280 1
279 0
279 0
278 -1
278 -1
282 3
278 -1
278 -1
278 -1
277 -2
283 4
278 -1
277 -2
276 -3
277 -2
282 3
276 -3
276 -3
277 -2
276 -3
279 0
276 -3
276 -3
274 -5
273 -6
281 2
275 -4
274 -5
275 -4
275 -4
283 4
276 -3
277 -2
278 -1
277 -2
283 4
278 -1
278 -1
278 -1
278 -1
284 5
279 0
280 1
280 1
281 2
274 -5
280 1
279 0
279 0
278 -1
283 4
278 -1
278 -1
278 -1
278 -1
283 4
277 -2
276 -3
277 -2
276 -3
280 1
276 -3
275 -4
275 -4
275 -4
281 2
275 -4
276 -3
277 -2
277 -2
281 2
276 -3
278 -1
278 -1
278 -1
284 5
279 0
279 0
280 1
281 2
266 -13
279 0
280 1
280 1
278 -1
282 3
278 -1
277 -2
277 -2
276 -3
281 2
276 -3
275 -4
276 -3
275 -4
278 -1
274 -5
273 -6
273 -6
272 -7
277 -2
272 -7
273 -6
273 -6
274 -5
282 3
275 -4
275 -4
275 -4
275 -4
283 4
277 -2
277 -2
278 -1
280 1
278 -1
280 1
281 2
281 2
281 2
278 -1
281 2
281 2
279 0
280 1
278 -1
280 1
278 -1
278 -1
278 -1
282 3
276 -3
276 -3
276 -3
274 -5
279 0
275 -4
274 -5
273 -6
272 -7
278 -1
273 -6
