7 -272
7 -272
7 -272
9 -270
7 -272
7 -272
8 -271
7 -272
0 -279
8 -271
7 -272
7 -272
7 -272
0 -279
7 -272
6 -273
7 -272
6 -273
0 -279
6 -273
6 -273
6 -273
5 -274
2 -277
5 -274
5 -274
5 -274
5 -274
1 -278
5 -274
4 -275
4 -275
4 -275
0 -279
3 -276
3 -276
3 -276
2 -277
0 -279
2 -277
2 -277
2 -277
2 -277
0 -279
1 -278
0 -279
1 -278
0 -279
0 -279
0 -279
0 -279
0 -279
0 -279
0 -279
0 -279
0 -279
0 -279
0 -279
0 -279
0 -279
0 -279
0 -279
0 -279
0 -279
0 -279
0 -279
0 -279
0 -279
0 -279
0 -279
0 -279
0 -279
0 -279
0 -279
0 -279
0 -279
0 -279
0 -279
0 -279
0 -279
0 -279
0 -279
0 -279
0 -279
0 -279
0 -279
0 -279
0 -279
0 -279
0 -279
0 -279
0 -279
0 -279
0 -279
0 -279
0 -279
0 -279
0 -279
0 -279
0 -279
0 -279
0 -279
0 -279
0 -279
0 -279
0 -279
0 -279
0 -279
0 -279
0 -279
0 -279
0 -279
0 -279
0 -279
0 -279
0 -279
0 -279
0 -279
0 -279
0 -279
0 -279
0 -279
0 -279
0 -279
0 -279
0 -279
0 -279
0 -279
0 -279
0 -279
0 -279
0 -279
0 -279
0 -279
0 -279
0 -279
0 -279
0 -279
0 -279
0 -279
0 -279
0 -279
0 -279
0 -279
0 -279
0 -279
0 -279
0 -279
0 -279
0 -279
0 -279
2 -277
0 -279
0 -279
0 -279
0 -279
0 -279
0 -279
0 -279
0 -279
0 -279
0 -279
0 -279
0 -279
0 -279
0 -279
0 -279
0 -279
0 -279
0 -279
0 -279
0 -279
0 -279
0 -279
0 -279
0 -279
0 -279
0 -279
0 -279
0 -279
0 -279
1 -278
1 -278
0 -279
2 -277
2 -277
3 -276
3 -276
2 -277
3 -276
4 -275
4 -275
4 -275
3 -276
4 -275
5 -274
5 -274
5 -274
3 -276
5 -274
6 -273
6 -273
6 -273
5 -274
6 -273
7 -272
7 -272
7 -272
5 -274
8 -271
7 -272
7 -272
7 -272
6 -273
8 -271
7 -272
8 -271
8 -271
5 -274
9 -270
8 -271
7 -272
8 -271
7 -272
8 -271
8 -271
8 -271
8 -271
6 -273
7 -272
7 -272
8 -271
8 -271
5 -274
8 -271
8 -271
8 -271
7 -272
6 -273
7 -272
7 -272
7 -272
6 -273
5 -274
6 -273
2 -277
7 -272
6 -273
4 -275
6 -273
0 -279
0 -279
0 -279
0 -279
0 -279
0 -279
0 -279
0 -279
0 -279
0 -279
0 -279
0 -279
0 -279
0 -279
0 -279
0 -279
0 -279
0 -279
0 -279
0 -279
0 -279
0 -279
0 -279
0 -279
0 -279
0 -279
0 -279
0 -279
0 -279
0 -279
0 -279
0 -279
0 -279
0 -279
0 -279
0 -279
0 -279
0 -279
0 -279
0 -279
0 -279
0 -279
0 -279
0 -279
0 -279
0 -279
0 -279
0 -279
0 -279
0 -279
0 -279
0 -279
0 -279
0 -279
0 -279
0 -279
0 -279
0 -279
0 -279
0 -279
0 -279
0 -279
0 -279
0 -279
0 -279
0 -279
0 -279
0 -279
0 -279
0 -279
0 -279
0 -279
0 -279
0 -279
0 -279
0 -279
0 -279
0 -279
0 -279
0 -279
0 -279
0 -279
0 -279
0 -279
0 -279
0 -279
0 -279
0 -279
0 -279
0 -279
0 -279
0 -279
0 -279
0 -279
0 -279
0 -279
0 -279
0 -279
0 -279
0 -279
0 -279
0 -279
0 -279
0 -279
0 -279
0 -279
0 -279
0 -279
0 -279
1 -278
0 -279
0 -279
0 -279
0 -279
1 -278
1 -278
3 -276
2 -277
2 -277
3 -276
1 -278
5 -274
3 -276
3 -276
4 -275
2 -277
4 -275
5 -274
5 -274
5 -274
4 -275
5 -274
6 -273
6 -273
6 -273
4 -275
6 -273
7 -272
7 -272
6 -273
3 -276
7 -272
7 -272
7 -272
7 -272
5 -274
7 -272
8 -271
7 -272
7 -272
7 -272
8 -271
8 -271
8 -271
8 -271
6 -273
7 -272
8 -271
8 -271
8 -271
5 -274
7 -272
8 -271
8 -271
8 -271
6 -273
7 -272
8 -271
7 -272
8 -271
7 -272
7 -272
7 -272
8 -271
7 -272
6 -273
7 -272
7 -272
7 -272
7 -272
5 -274
6 -273
6 -273
6 -273
6 -273
4 -275
6 -273
5 -274
5 -274
6 -273
3 -276
5 -274
4 -275
4 -275
4 -275
3 -276
3 -276
3 -276
3 -276
2 -277
1 -278
2 -277
2 -277
2 -277
1 -278
1 -278
1 -278
1 -278
1 -278
0 -279
0 -279
0 -279
0 -279
0 -279
0 -279
0 -279
0 -279
0 -279
0 -279
0 -279
0 -279
0 -279
0 -279
0 -279
0 -279
0 -279
0 -279
0 -279
0 -279
0 -279
0 -279
0 -279
0 -279
0 -279
0 -279
0 -279
0 -279
0 -279
0 -279
0 -279
0 -279
0 -279
0 -279
0 -279
0 -279
0 -279
0 -279
0 -279
0 -279
0 -279
0 -279
0 -279
0 -279
0 -279
0 -279
0 -279
0 -279
0 -279
0 -279
0 -279
0 -279
0 -279
0 -279
0 -279
0 -279
0 -279
0 -279
0 -279
0 -279
0 -279
0 -279
0 -279
0 -279
0 -279
0 -279
0 -279
0 -279
0 -279
0 -279
0 -279
0 -279
0 -279
0 -279
0 -279
0 -279
0 -279
0 -279
0 -279
0 -279
0 -279
0 -279
0 -279
0 -279
0 -279
0 -279
0 -279
0 -279
0 -279
0 -279
1 -278
0 -279
1 -278
0 -279
2 -277
2 -277
2 -277
2 -277
1 -278
3 -276
4 -275
4 -275
4 -275
3 -276
4 -275
5 -274
5 -274
5 -274
3 -276
5 -274
6 -273
0 -279
6 -273
5 -274
7 -272
6 -273
6 -273
7 -272
6 -273
7 -272
7 -272
7 -272
7 -272
6 -273
7 -272
8 -271
7 -272
8 -271
5 -274
8 -271
7 -272
8 -271
8 -271
6 -273
8 -271
8 -271
7 -272
8 -271
7 -272
7 -272
8 -271
8 -271
8 -271
7 -272
7 -272
8 -271
7 -272
7 -272
4 -275
7 -272
7 -272
9 -270
7 -272
5 -274
7 -272
7 -272
7 -272
7 -272
5 -274
6 -273
6 -273
6 -273
6 -273
4 -275
6 -273
5 -274
5 -274
5 -274
3 -276
5 -274
4 -275
4 -275
4 -275
1 -278
3 -276
3 -276
3 -276
3 -276
1 -278
2 -277
2 -277
1 -278
1 -278
0 -279
0 -279
0 -279
0 -279
0 -279
0 -279
0 -279
0 -279
0 -279
0 -279
0 -279
0 -279
0 -279
0 -279
0 -279
0 -279
0 -279
0 -279
0 -279
0 -279
0 -279
0 -279
0 -279
0 -279
0 -279
0 -279
0 -279
0 -279
0 -279
0 -279
0 -279
0 -279
0 -279
0 -279
0 -279
0 -279
0 -279
0 -279
0 -279
0 -279
0 -279
0 -279
0 -279
0 -279
0 -279
0 -279
0 -279
0 -279
0 -279
0 -279
0 -279
0 -279
0 -279
0 -279
0 -279
0 -279
0 -279
0 -279
0 -279
0 -279
0 -279
0 -279
0 -279
0 -279
0 -279
0 -279
0 -279
0 -279
0 -279
0 -279
0 -279
0 -279
0 -279
0 -279
0 -279
0 -279
0 -279
0 -279
0 -279
0 -279
0 -279
0 -279
0 -279
0 -279
0 -279
0 -279
0 -279
0 -279
0 -279
0 -279
0 -279
0 -279
0 -279
0 -279
0 -279
0 -279
0 -279
0 -279
0 -279
0 -279
0 -279
0 -279
0 -279
0 -279
0 -279
0 -279
0 -279
0 -279
18 -261
17 -262
17 -262
16 -263
9 -270
17 -262
19 -260
20 -259
24 -255
22 -257
30 -249
37 -242
45 -234
52 -227
54 -225
65 -214
73 -206
80 -199
89 -190
95 -184
107 -172
116 -163
127 -152
138 -141
146 -133
158 -121
167 -112
177 -102
188 -91
200 -79
211 -68
226 -53
234 -45
246 -33
258 -21
269 -10
279 0
291 12
298 19
316 37
328 49
344 65
347 68
352 73
357 78
366 87
369 90
367 88
379 100
383 104
383 104
380 101
385 106
386 107
386 107
386 107
380 101
382 103
380 101
379 100
376 97
365 86
366 87
363 84
360 81
352 73
344 65
341 62
335 56
328 49
321 42
315 36
309 30
299 20
295 16
288 9
280 1
274 -5
281 2
262 -17
255 -24
251 -28
243 -36
245 -34
235 -44
231 -48
227 -52
224 -55
224 -55
220 -59
220 -59
208 -71
228 -51
221 -58
219 -60
218 -61
209 -70
231 -48
226 -53
229 -50
232 -47
221 -58
239 -40
240 -39
245 -34
249 -30
253 -26
257 -22
269 -10
265 -14
269 -10
273 -6
278 -1
282 3
286 7
288 9
293 14
296 17
302 23
303 24
304 25
308 29
308 29
301 22
311 32
309 30
312 33
313 34
302 23
311 32
308 29
310 31
309 30
297 18
307 28
302 23
303 24
301 22
288 9
296 17
294 15
290 11
287 8
282 3
282 3
278 -1
275 -4
272 -7
273 -6
267 -12
265 -14
264 -15
262 -17
264 -15
260 -19
260 -19
258 -21
256 -23
265 -14
255 -24
255 -24
254 -25
255 -24
265 -14
256 -23
256 -23
256 -23
258 -21
268 -11
259 -20
261 -18
262 -17
263 -16
274 -5
266 -13
267 -12
268 -11
270 -9
279 0
273 -6
273 -6
275 -4
276 -3
282 3
279 0
281 2
281 2
282 3
278 -1
284 5
284 5
285 6
285 6
282 3
286 7
285 6
285 6
285 6
274 -5
284 5
283 4
283 4
282 3
278 -1
282 3
280 1
280 1
277 -2
281 2
275 -4
274 -5
273 -6
272 -7
277 -2
270 -9
270 -9
269 -10
268 -11
273 -6
266 -13
267 -12
267 -12
266 -13
272 -7
265 -14
264 -15
264 -15
264 -15
273 -6
265 -14
264 -15
265 -14
266 -13
275 -4
266 -13
266 -13
266 -13
267 -12
276 -3
268 -11
268 -11
270 -9
270 -9
279 0
273 -6
273 -6
273 -6
274 -5
279 0
275 -4
297 18
298 19
298 19
299 20
300 21
300 21
301 22
303 24
296 17
303 24
303 24
305 26
305 26
295 16
305 26
304 25
305 26
307 28
296 17
308 29
307 28
309 30
309 30
299 20
308 29
305 26
306 27
308 29
296 17
305 26
304 25
305 26
304 25
291 12
301 22
299 20
299 20
297 18
284 5
294 15
293 14
292 13
291 12
280 1
288 9
287 8
284 5
284 5
278 -1
279 0
276 -3
274 -5
272 -7
283 4
269 -10
268 -11
266 -13
264 -15
258 -21
262 -17
262 -17
262 -17
261 -18
261 -18
262 -17
264 -15
264 -15
263 -16
269 -10
265 -14
266 -13
266 -13
266 -13
270 -9
266 -13
267 -12
268 -11
270 -9
278 -1
273 -6
275 -4
276 -3
278 -1
280 1
282 3
283 4
285 6
286 7
284 5
288 9
289 10
291 12
291 12
293 14
293 14
294 15
294 15
295 16
292 13
297 18
297 18
297 18
296 17
289 10
293 14
293 14
292 13
291 12
284 5
288 9
286 7
285 6
286 7
280 1
283 4
281 2
279 0
279 0
277 -2
276 -3
274 -5
274 -5
272 -7
275 -4
270 -9
270 -9
270 -9
270 -9
273 -6
269 -10
271 -8
271 -8
272 -7
278 -1
272 -7
272 -7
272 -7
273 -6
279 0
274 -5
275 -4
277 -2
276 -3
282 3
277 -2
278 -1
278 -1
279 0
279 0
279 0
279 0
280 1
282 3
279 0
283 4
283 4
283 4
282 3
278 -1
282 3
282 3
283 4
282 3
281 2
284 5
283 4
284 5
285 6
280 1
285 6
285 6
286 7
286 7
284 5
286 7
285 6
285 6
286 7
282 3
288 9
287 8
287 8
288 9
283 4
288 9
287 8
288 9
288 9
286 7
288 9
287 8
287 8
285 6
282 3
286 7
286 7
286 7
287 8
282 3
288 9
288 9
289 10
288 9
285 6
286 7
287 8
287 8
286 7
282 3
286 7
285 6
285 6
286 7
284 5
286 7
285 6
285 6
285 6
282 3
283 4
283 4
283 4
282 3
279 0
282 3
282 3
282 3
281 2
278 -1
281 2
279 0
278 -1
278 -1
278 -1
277 -2
276 -3
276 -3
275 -4
279 0
274 -5
274 -5
273 -6
272 -7
278 -1
272 -7
271 -8
270 -9
270 -9
273 -6
268 -11
227 -52
226 -53
226 -53
224 -55
224 -55
196 -83
225 -54
225 -54
228 -51
229 -50
215 -64
235 -44
234 -45
237 -42
240 -39
242 -37
245 -34
250 -29
251 -28
254 -25
256 -23
259 -20
270 -9
264 -15
267 -12
269 -10
272 -7
281 2
277 -2
280 1
282 3
284 5
279 0
287 8
289 10
291 12
292 13
293 14
295 16
295 16
298 19
296 17
305 26
296 17
297 18
298 19
296 17
302 23
296 17
295 16
295 16
293 14
294 15
293 14
292 13
290 11
289 10
287 8
287 8
286 7
285 6
284 5
280 1
282 3
281 2
280 1
278 -1
277 -2
276 -3
274 -5
272 -7
272 -7
277 -2
272 -7
271 -8
272 -7
271 -8
276 -3
270 -9
269 -10
269 -10
267 -12
273 -6
266 -13
268 -11
268 -11
267 -12
276 -3
269 -10
269 -10
269 -10
269 -10
277 -2
270 -9
271 -8
272 -7
273 -6
281 2
274 -5
275 -4
276 -3
277 -2
283 4
279 0
280 1
280 1
280 1
280 1
280 1
281 2
283 4
283 4
282 3
286 7
286 7
286 7
287 8
276 -3
286 7
284 5
286 7
286 7
283 4
289 10
288 9
289 10
287 8
286 7
289 10
290 11
290 11
290 11
289 10
288 9
289 10
289 10
290 11
287 8
291 12
291 12
288 9
287 8
284 5
289 10
289 10
287 8
286 7
283 4
287 8
287 8
288 9
285 6
280 1
283 4
283 4
284 5
282 3
278 -1
281 2
280 1
282 3
281 2
277 -2
276 -3
275 -4
276 -3
276 -3
281 2
278 -1
276 -3
274 -5
274 -5
281 2
276 -3
276 -3
277 -2
275 -4
279 0
273 -6
273 -6
276 -3
277 -2
282 3
276 -3
279 0
281 2
282 3
281 2
282 3
282 3
283 4
286 7
282 3
289 10
291 12
292 13
292 13
296 17
294 15
294 15
294 15
294 15
300 21
298 19
301 22
303 24
304 25
303 24
304 25
305 26
308 29
309 30
303 24
311 32
310 31
315 36
315 36
306 27
316 37
316 37
316 37
318 39
309 30
319 40
321 42
320 41
320 41
312 33
318 39
314 35
315 36
315 36
307 28
315 36
313 34
310 31
306 27
294 15
304 25
304 25
300 21
297 18
284 5
293 14
296 17
289 10
285 6
277 -2
280 1
277 -2
195 -84
195 -84
196 -83
192 -87
196 -83
198 -81
202 -77
206 -73
220 -59
214 -65
217 -62
223 -56
228 -51
222 -57
240 -39
244 -35
249 -30
256 -23
262 -17
268 -11
283 4
280 1
287 8
292 13
296 17
304 25
307 28
306 27
314 35
317 38
312 33
323 44
326 47
331 52
332 53
329 50
331 52
330 51
348 69
330 51
326 47
330 51
328 49
338 59
328 49
322 43
322 43
320 41
318 39
316 37
304 25
308 29
303 24
302 23
297 18
281 2
290 11
287 8
283 4
279 0
276 -3
273 -6
267 -12
265 -14
261 -18
257 -22
256 -23
256 -23
253 -26
250 -29
256 -23
249 -30
248 -31
248 -31
247 -32
256 -23
246 -33
246 -33
246 -33
247 -32
256 -23
249 -30
251 -28
253 -26
254 -25
264 -15
256 -23
259 -20
260 -19
262 -17
276 -3
268 -11
269 -10
272 -7
275 -4
283 4
279 0
282 3
285 6
287 8
286 7
291 12
293 14
294 15
293 14
302 23
296 17
296 17
296 17
295 16
297 18
293 14
292 13
292 13
291 12
290 11
289 10
289 10
288 9
286 7
280 1
283 4
281 2
279 0
277 -2
281 2
274 -5
272 -7
271 -8
270 -9
273 -6
268 -11
267 -12
267 -12
265 -14
270 -9
263 -16
264 -15
262 -17
261 -18
270 -9
261 -18
263 -16
261 -18
262 -17
271 -8
262 -17
263 -16
264 -15
265 -14
274 -5
266 -13
267 -12
268 -11
269 -10
278 -1
272 -7
272 -7
273 -6
274 -5
281 2
276 -3
277 -2
278 -1
279 0
279 0
280 1
281 2
281 2
282 3
270 -9
283 4
283 4
283 4
283 4
282 3
283 4
282 3
282 3
282 3
279 0
281 2
280 1
280 1
278 -1
278 -1
277 -2
277 -2
275 -4
275 -4
280 1
274 -5
272 -7
272 -7
271 -8
276 -3
270 -9
269 -10
269 -10
268 -11
275 -4
268 -11
268 -11
268 -11
268 -11
275 -4
269 -10
268 -11
269 -10
269 -10
276 -3
269 -10
269 -10
270 -9
270 -9
277 -2
269 -10
272 -7
272 -7
273 -6
279 0
275 -4
274 -5
275 -4
275 -4
282 3
277 -2
278 -1
278 -1
279 0
279 0
280 1
282 3
283 4
285 6
278 -1
283 4
283 4
283 4
283 4
268 -11
284 5
283 4
283 4
283 4
280 1
283 4
283 4
283 4
282 3
314 35
318 39
310 31
318 39
318 39
318 39
323 44
317 38
323 44
322 43
321 42
326 47
320 41
324 45
322 43
324 45
328 49
321 42
321 42
323 44
322 43
321 42
315 36
316 37
319 40
316 37
313 34
307 28
312 33
308 29
307 28
304 25
291 12
302 23
299 20
294 15
291 12
280 1
288 9
283 4
278 -1
279 0
276 -3
272 -7
269 -10
269 -10
265 -14
257 -22
259 -20
262 -17
259 -20
255 -24
258 -21
252 -27
252 -27
253 -26
253 -26
259 -20
253 -26
252 -27
254 -25
256 -23
264 -15
256 -23
257 -22
261 -18
263 -16
273 -6
265 -14
267 -12
270 -9
274 -5
281 2
276 -3
282 3
282 3
283 4
284 5
290 11
289 10
290 11
295 16
299 20
295 16
294 15
296 17
297 18
296 17
297 18
301 22
301 22
299 20
291 12
298 19
301 22
300 21
298 19
287 8
296 17
296 17
293 14
292 13
284 5
288 9
288 9
287 8
284 5
276 -3
280 1
280 1
276 -3
274 -5
281 2
272 -7
270 -9
272 -7
270 -9
270 -9
269 -10
268 -11
268 -11
269 -10
274 -5
268 -11
270 -9
271 -8
269 -10
275 -4
272 -7
271 -8
271 -8
274 -5
280 1
275 -4
276 -3
278 -1
278 -1
281 2
282 3
285 6
285 6
286 7
283 4
286 7
285 6
286 7
288 9
285 6
288 9
287 8
288 9
288 9
285 6
288 9
289 10
289 10
288 9
285 6
288 9
286 7
285 6
286 7
283 4
285 6
283 4
282 3
281 2
275 -4
277 -2
276 -3
275 -4
273 -6
278 -1
273 -6
273 -6
272 -7
273 -6
279 0
274 -5
272 -7
273 -6
273 -6
277 -2
271 -8
271 -8
271 -8
271 -8
277 -2
273 -6
272 -7
272 -7
272 -7
280 1
274 -5
274 -5
275 -4
276 -3
281 2
279 0
279 0
280 1
281 2
270 -9
281 2
282 3
282 3
282 3
280 1
285 6
283 4
282 3
282 3
279 0
281 2
281 2
281 2
281 2
276 -3
280 1
279 0
279 0
277 -2
283 4
278 -1
277 -2
275 -4
275 -4
281 2
275 -4
274 -5
275 -4
274 -5
279 0
272 -7
271 -8
271 -8
270 -9
274 -5
269 -10
269 -10
268 -11
267 -12
274 -5
268 -11
267 -12
268 -11
268 -11
274 -5
268 -11
269 -10
238 -41
237 -42
236 -43
234 -45
236 -43
240 -39
235 -44
236 -43
237 -42
239 -40
238 -41
240 -39
242 -37
243 -36
244 -35
250 -29
248 -31
250 -29
251 -28
254 -25
263 -16
257 -22
259 -20
261 -18
264 -15
275 -4
267 -12
270 -9
271 -8
273 -6
281 2
278 -1
280 1
280 1
282 3
281 2
285 6
286 7
288 9
289 10
277 -2
289 10
291 12
292 13
292 13
286 7
293 14
293 14
293 14
292 13
298 19
292 13
291 12
291 12
290 11
290 11
289 10
288 9
289 10
287 8
283 4
285 6
285 6
284 5
283 4
280 1
282 3
280 1
279 0
278 -1
279 0
277 -2
275 -4
275 -4
275 -4
281 2
275 -4
274 -5
274 -5
272 -7
278 -1
272 -7
273 -6
272 -7
271 -8
277 -2
272 -7
272 -7
272 -7
272 -7
279 0
272 -7
275 -4
274 -5
273 -6
281 2
275 -4
275 -4
276 -3
276 -3
281 2
279 0
279 0
279 0
282 3
275 -4
280 1
283 4
283 4
282 3
279 0
285 6
284 5
284 5
285 6
281 2
287 8
288 9
286 7
287 8
286 7
287 8
289 10
291 12
289 10
292 13
292 13
291 12
291 12
291 12
297 18
292 13
292 13
296 17
294 15
299 20
296 17
298 19
298 19
299 20
299 20
300 21
301 22
302 23
306 27
295 16
303 24
307 28
305 26
304 25
297 18
306 27
303 24
308 29
307 28
293 14
307 28
305 26
305 26
304 25
294 15
303 24
304 25
302 23
300 21
290 11
299 20
300 21
294 15
298 19
284 5
292 13
295 16
291 12
291 12
279 0
285 6
286 7
284 5
279 0
280 1
276 -3
275 -4
274 -5
270 -9
281 2
269 -10
265 -14
268 -11
264 -15
260 -19
264 -15
264 -15
262 -17
263 -16
262 -17
264 -15
264 -15
263 -16
267 -12
271 -8
267 -12
268 -11
267 -12
270 -9
275 -4
269 -10
274 -5
274 -5
275 -4
283 4
278 -1
283 4
281 2
285 6
281 2
287 8
286 7
287 8
289 10
290 11
291 12
291 12
293 14
293 14
290 11
296 17
293 14
296 17
294 15
290 11
294 15
292 13
293 14
291 12
285 6
290 11
286 7
289 10
285 6
282 3
283 4
281 2
281 2
280 1
276 -3
277 -2
274 -5
274 -5
273 -6
278 -1
280 1
277 -2
285 6
279 0
280 1
278 -1
279 0
280 1
279 0
280 1
280 1
280 1
279 0
280 1
280 1
281 2
279 0
279 0
281 2
280 1
278 -1
280 1
280 1
280 1
280 1
279 0
281 2
276 -3
279 0
280 1
280 1
279 0
279 0
279 0
279 0
278 -1
277 -2
284 5
279 0
276 -3
278 -1
278 -1
277 -2
276 -3
276 -3
276 -3
276 -3
279 0
275 -4
276 -3
274 -5
272 -7
281 2
273 -6
272 -7
272 -7
272 -7
278 -1
271 -8
269 -10
272 -7
270 -9
274 -5
269 -10
269 -10
268 -11
268 -11
274 -5
269 -10
270 -9
270 -9
270 -9
279 0
272 -7
272 -7
274 -5
275 -4
281 2
276 -3
277 -2
279 0
278 -1
279 0
281 2
281 2
281 2
281 2
276 -3
282 3
281 2
281 2
282 3
278 -1
281 2
280 1
280 1
279 0
277 -2
277 -2
277 -2
275 -4
274 -5
280 1
273 -6
272 -7
271 -8
270 -9
275 -4
268 -11
268 -11
268 -11
267 -12
270 -9
265 -14
264 -15
262 -17
261 -18
266 -13
261 -18
261 -18
258 -21
258 -21
266 -13
257 -22
257 -22
257 -22
258 -21
266 -13
257 -22
259 -20
259 -20
259 -20
270 -9
261 -18
265 -14
262 -17
264 -15
275 -4
266 -13
266 -13
268 -11
269 -10
279 0
271 -8
272 -7
274 -5
275 -4
281 2
278 -1
279 0
279 0
280 1
282 3
282 3
282 3
283 4
284 5
273 -6
284 5
284 5
285 6
284 5
282 3
284 5
283 4
283 4
282 3
278 -1
282 3
280 1
279 0
279 0
279 0
277 -2
276 -3
275 -4
275 -4
279 0
273 -6
272 -7
272 -7
270 -9
274 -5
269 -10
268 -11
267 -12
266 -13
270 -9
265 -14
264 -15
264 -15
263 -16
267 -12
260 -19
261 -18
261 -18
259 -20
263 -16
258 -21
260 -19
257 -22
257 -22
266 -13
257 -22
257 -22
257 -22
258 -21
268 -11
258 -21
259 -20
259 -20
259 -20
270 -9
261 -18
263 -16
263 -16
263 -16
274 -5
267 -12
266 -13
266 -13
269 -10
278 -1
270 -9
271 -8
274 -5
274 -5
280 1
277 -2
278 -1
278 -1
279 0
281 2
282 3
282 3
285 6
284 5
282 3
287 8
286 7
285 6
289 10
286 7
288 9
288 9
292 13
289 10
291 12
291 12
333 54
331 52
337 58
337 58
355 76
340 61
341 62
339 60
339 60
354 75
339 60
339 60
343 64
340 61
348 69
339 60
340 61
335 56
334 55
354 75
331 52
330 51
330 51
324 45
324 45
322 43
315 36
317 38
313 34
308 29
305 26
299 20
298 19
293 14
292 13
289 10
272 -7
279 0
278 -1
271 -8
267 -12
265 -14
260 -19
258 -21
253 -26
250 -29
254 -25
248 -31
244 -35
242 -37
243 -36
250 -29
243 -36
242 -37
238 -41
245 -34
251 -28
245 -34
246 -33
245 -34
245 -34
258 -21
251 -28
252 -27
256 -23
256 -23
270 -9
264 -15
266 -13
271 -8
273 -6
280 1
280 1
282 3
283 4
288 9
287 8
293 14
295 16
299 20
298 19
307 28
302 23
301 22
306 27
305 26
298 19
307 28
305 26
307 28
308 29
301 22
308 29
307 28
311 32
309 30
298 19
310 31
303 24
305 26
308 29
292 13
302 23
302 23
298 19
297 18
286 7
294 15
291 12
291 12
289 10
279 0
282 3
282 3
278 -1
276 -3
279 0
273 -6
270 -9
268 -11
267 -12
262 -17
263 -16
263 -16
264 -15
263 -16
266 -13
261 -18
264 -15
263 -16
262 -17
272 -7
264 -15
263 -16
266 -13
265 -14
273 -6
268 -11
270 -9
269 -10
270 -9
280 1
275 -4
275 -4
279 0
280 1
281 2
284 5
284 5
285 6
287 8
290 11
288 9
289 10
291 12
290 11
288 9
290 11
292 13
290 11
289 10
289 10
291 12
289 10
288 9
287 8
283 4
285 6
283 4
282 3
279 0
280 1
278 -1
276 -3
274 -5
275 -4
279 0
273 -6
271 -8
272 -7
272 -7
276 -3
270 -9
271 -8
270 -9
269 -10
276 -3
271 -8
270 -9
270 -9
271 -8
279 0
272 -7
272 -7
274 -5
276 -3
281 2
276 -3
278 -1
280 1
280 1
280 1
281 2
283 4
282 3
282 3
280 1
284 5
282 3
281 2
282 3
280 1
281 2
280 1
281 2
280 1
279 0
278 -1
279 0
278 -1
276 -3
281 2
277 -2
275 -4
274 -5
274 -5
279 0
272 -7
272 -7
272 -7
271 -8
276 -3
269 -10
270 -9
270 -9
269 -10
274 -5
269 -10
269 -10
270 -9
269 -10
276 -3
270 -9
270 -9
271 -8
272 -7
279 0
273 -6
274 -5
275 -4
246 -33
244 -35
245 -34
252 -27
244 -35
243 -36
244 -35
244 -35
251 -28
245 -34
245 -34
246 -33
247 -32
254 -25
249 -30
250 -29
251 -28
253 -26
262 -17
255 -24
257 -22
258 -21
260 -19
270 -9
263 -16
267 -12
266 -13
267 -12
278 -1
271 -8
273 -6
274 -5
276 -3
281 2
279 0
280 1
282 3
283 4
269 -10
285 6
286 7
288 9
288 9
280 1
290 11
290 11
291 12
290 11
280 1
292 13
291 12
291 12
291 12
296 17
290 11
290 11
291 12
289 10
292 13
288 9
288 9
288 9
286 7
282 3
287 8
286 7
285 6
285 6
280 1
284 5
284 5
284 5
283 4
280 1
283 4
283 4
282 3
281 2
278 -1
282 3
281 2
280 1
281 2
276 -3
280 1
280 1
281 2
280 1
279 0
279 0
278 -1
280 1
279 0
279 0
280 1
279 0
280 1
278 -1
281 2
279 0
281 2
280 1
282 3
278 -1
283 4
281 2
283 4
281 2
280 1
282 3
285 6
283 4
285 6
270 -9
284 5
285 6
285 6
287 8
281 2
288 9
286 7
289 10
288 9
287 8
289 10
292 13
292 13
290 11
295 16
292 13
295 16
294 15
297 18
298 19
298 19
299 20
300 21
300 21
300 21
303 24
302 23
304 25
305 26
300 21
306 27
305 26
309 30
308 29
303 24
310 31
310 31
311 32
313 34
303 24
311 32
311 32
311 32
315 36
302 23
314 35
312 33
312 33
311 32
303 24
309 30
307 28
309 30
308 29
298 19
306 27
304 25
303 24
304 25
289 10
301 22
296 17
297 18
292 13
283 4
290 11
288 9
286 7
283 4
279 0
277 -2
277 -2
273 -6
272 -7
282 3
268 -11
266 -13
264 -15
265 -14
256 -23
261 -18
257 -22
259 -20
255 -24
263 -16
256 -23
260 -19
257 -22
260 -19
265 -14
262 -17
261 -18
263 -16
261 -18
274 -5
264 -15
268 -11
268 -11
272 -7
279 0
277 -2
276 -3
281 2
280 1
285 6
284 5
288 9
288 9
290 11
296 17
292 13
293 14
293 14
294 15
296 17
295 16
299 20
296 17
299 20
290 11
299 20
294 15
297 18
295 16
289 10
296 17
294 15
293 14
292 13
284 5
289 10
286 7
287 8
284 5
280 1
281 2
